2880
(
6(0 1 5604 5619 5916 6276)
6(2 3 5605 5940 6300 0)
6(4 5 5606 5964 6324 2)
6(6 7 5607 5988 6348 4)
6(8 9 5608 6012 6372 6)
6(10 11 5609 6036 6396 8)
6(12 13 5610 6060 6420 10)
6(14 15 5611 6084 6444 12)
6(16 17 5612 6108 6468 14)
6(18 19 5613 6132 6492 16)
6(20 21 5614 6156 6516 18)
6(22 23 5615 6180 6540 20)
6(24 25 5616 6204 6564 22)
6(26 27 5617 6228 6588 24)
6(28 29 5618 6252 6612 26)
6(30 31 5620 5917 6277 1)
6(32 33 5941 6301 3 30)
6(34 35 5965 6325 5 32)
6(36 37 5989 6349 7 34)
6(38 39 6013 6373 9 36)
6(40 41 6037 6397 11 38)
6(42 43 6061 6421 13 40)
6(44 45 6085 6445 15 42)
6(46 47 6109 6469 17 44)
6(48 49 6133 6493 19 46)
6(50 51 6157 6517 21 48)
6(52 53 6181 6541 23 50)
6(54 55 6205 6565 25 52)
6(56 57 6229 6589 27 54)
6(58 59 6253 6613 28 56)
6(60 61 5621 5918 6278 31)
6(62 63 5942 6302 33 60)
6(64 65 5966 6326 35 62)
6(66 67 5990 6350 37 64)
6(68 69 6014 6374 39 66)
6(70 71 6038 6398 41 68)
6(72 73 6062 6422 43 70)
6(74 75 6086 6446 45 72)
6(76 77 6110 6470 47 74)
6(78 79 6134 6494 49 76)
6(80 81 6158 6518 51 78)
6(82 83 6182 6542 53 80)
6(84 85 6206 6566 55 82)
6(86 87 6230 6590 57 84)
6(88 89 6254 6614 58 86)
6(90 91 5622 5919 6279 61)
6(92 93 5943 6303 63 90)
6(94 95 5967 6327 65 92)
6(96 97 5991 6351 67 94)
6(98 99 6015 6375 69 96)
6(100 101 6039 6399 71 98)
6(102 103 6063 6423 73 100)
6(104 105 6087 6447 75 102)
6(106 107 6111 6471 77 104)
6(108 109 6135 6495 79 106)
6(110 111 6159 6519 81 108)
6(112 113 6183 6543 83 110)
6(114 115 6207 6567 85 112)
6(116 117 6231 6591 87 114)
6(118 119 6255 6615 88 116)
6(120 121 5623 5920 6280 91)
6(122 123 5944 6304 93 120)
6(124 125 5968 6328 95 122)
6(126 127 5992 6352 97 124)
6(128 129 6016 6376 99 126)
6(130 131 6040 6400 101 128)
6(132 133 6064 6424 103 130)
6(134 135 6088 6448 105 132)
6(136 137 6112 6472 107 134)
6(138 139 6136 6496 109 136)
6(140 141 6160 6520 111 138)
6(142 143 6184 6544 113 140)
6(144 145 6208 6568 115 142)
6(146 147 6232 6592 117 144)
6(148 149 6256 6616 118 146)
6(150 151 5624 5921 6281 121)
6(152 153 5945 6305 123 150)
6(154 155 5969 6329 125 152)
6(156 157 5993 6353 127 154)
6(158 159 6017 6377 129 156)
6(160 161 6041 6401 131 158)
6(162 163 6065 6425 133 160)
6(164 165 6089 6449 135 162)
6(166 167 6113 6473 137 164)
6(168 169 6137 6497 139 166)
6(170 171 6161 6521 141 168)
6(172 173 6185 6545 143 170)
6(174 175 6209 6569 145 172)
6(176 177 6233 6593 147 174)
6(178 179 6257 6617 148 176)
6(180 181 5625 5922 6282 151)
6(182 183 5946 6306 153 180)
6(184 185 5970 6330 155 182)
6(186 187 5994 6354 157 184)
6(188 189 6018 6378 159 186)
6(190 191 6042 6402 161 188)
6(192 193 6066 6426 163 190)
6(194 195 6090 6450 165 192)
6(196 197 6114 6474 167 194)
6(198 199 6138 6498 169 196)
6(200 201 6162 6522 171 198)
6(202 203 6186 6546 173 200)
6(204 205 6210 6570 175 202)
6(206 207 6234 6594 177 204)
6(208 209 6258 6618 178 206)
6(210 211 5626 5923 6283 181)
6(212 213 5947 6307 183 210)
6(214 215 5971 6331 185 212)
6(216 217 5995 6355 187 214)
6(218 219 6019 6379 189 216)
6(220 221 6043 6403 191 218)
6(222 223 6067 6427 193 220)
6(224 225 6091 6451 195 222)
6(226 227 6115 6475 197 224)
6(228 229 6139 6499 199 226)
6(230 231 6163 6523 201 228)
6(232 233 6187 6547 203 230)
6(234 235 6211 6571 205 232)
6(236 237 6235 6595 207 234)
6(238 239 6259 6619 208 236)
6(240 241 5627 5924 6284 211)
6(242 243 5948 6308 213 240)
6(244 245 5972 6332 215 242)
6(246 247 5996 6356 217 244)
6(248 249 6020 6380 219 246)
6(250 251 6044 6404 221 248)
6(252 253 6068 6428 223 250)
6(254 255 6092 6452 225 252)
6(256 257 6116 6476 227 254)
6(258 259 6140 6500 229 256)
6(260 261 6164 6524 231 258)
6(262 263 6188 6548 233 260)
6(264 265 6212 6572 235 262)
6(266 267 6236 6596 237 264)
6(268 269 6260 6620 238 266)
6(270 271 5628 5925 6285 241)
6(272 273 5949 6309 243 270)
6(274 275 5973 6333 245 272)
6(276 277 5997 6357 247 274)
6(278 279 6021 6381 249 276)
6(280 281 6045 6405 251 278)
6(282 283 6069 6429 253 280)
6(284 285 6093 6453 255 282)
6(286 287 6117 6477 257 284)
6(288 289 6141 6501 259 286)
6(290 291 6165 6525 261 288)
6(292 293 6189 6549 263 290)
6(294 295 6213 6573 265 292)
6(296 297 6237 6597 267 294)
6(298 299 6261 6621 268 296)
6(300 301 5629 5926 6286 271)
6(302 303 5950 6310 273 300)
6(304 305 5974 6334 275 302)
6(306 307 5998 6358 277 304)
6(308 309 6022 6382 279 306)
6(310 311 6046 6406 281 308)
6(312 313 6070 6430 283 310)
6(314 315 6094 6454 285 312)
6(316 317 6118 6478 287 314)
6(318 319 6142 6502 289 316)
6(320 321 6166 6526 291 318)
6(322 323 6190 6550 293 320)
6(324 325 6214 6574 295 322)
6(326 327 6238 6598 297 324)
6(328 329 6262 6622 298 326)
6(330 331 5630 5927 6287 301)
6(332 333 5951 6311 303 330)
6(334 335 5975 6335 305 332)
6(336 337 5999 6359 307 334)
6(338 339 6023 6383 309 336)
6(340 341 6047 6407 311 338)
6(342 343 6071 6431 313 340)
6(344 345 6095 6455 315 342)
6(346 347 6119 6479 317 344)
6(348 349 6143 6503 319 346)
6(350 351 6167 6527 321 348)
6(352 353 6191 6551 323 350)
6(354 355 6215 6575 325 352)
6(356 357 6239 6599 327 354)
6(358 359 6263 6623 328 356)
6(360 361 5631 5928 6288 331)
6(362 363 5952 6312 333 360)
6(364 365 5976 6336 335 362)
6(366 367 6000 6360 337 364)
6(368 369 6024 6384 339 366)
6(370 371 6048 6408 341 368)
6(372 373 6072 6432 343 370)
6(374 375 6096 6456 345 372)
6(376 377 6120 6480 347 374)
6(378 379 6144 6504 349 376)
6(380 381 6168 6528 351 378)
6(382 383 6192 6552 353 380)
6(384 385 6216 6576 355 382)
6(386 387 6240 6600 357 384)
6(388 389 6264 6624 358 386)
6(390 391 5632 5929 6289 361)
6(392 393 5953 6313 363 390)
6(394 395 5977 6337 365 392)
6(396 397 6001 6361 367 394)
6(398 399 6025 6385 369 396)
6(400 401 6049 6409 371 398)
6(402 403 6073 6433 373 400)
6(404 405 6097 6457 375 402)
6(406 407 6121 6481 377 404)
6(408 409 6145 6505 379 406)
6(410 411 6169 6529 381 408)
6(412 413 6193 6553 383 410)
6(414 415 6217 6577 385 412)
6(416 417 6241 6601 387 414)
6(418 419 6265 6625 388 416)
6(420 421 5633 5930 6290 391)
6(422 423 5954 6314 393 420)
6(424 425 5978 6338 395 422)
6(426 427 6002 6362 397 424)
6(428 429 6026 6386 399 426)
6(430 431 6050 6410 401 428)
6(432 433 6074 6434 403 430)
6(434 435 6098 6458 405 432)
6(436 437 6122 6482 407 434)
6(438 439 6146 6506 409 436)
6(440 441 6170 6530 411 438)
6(442 443 6194 6554 413 440)
6(444 445 6218 6578 415 442)
6(446 447 6242 6602 417 444)
6(448 449 6266 6626 418 446)
6(450 451 5634 5931 6291 421)
6(452 453 5955 6315 423 450)
6(454 455 5979 6339 425 452)
6(456 457 6003 6363 427 454)
6(458 459 6027 6387 429 456)
6(460 461 6051 6411 431 458)
6(462 463 6075 6435 433 460)
6(464 465 6099 6459 435 462)
6(466 467 6123 6483 437 464)
6(468 469 6147 6507 439 466)
6(470 471 6171 6531 441 468)
6(472 473 6195 6555 443 470)
6(474 475 6219 6579 445 472)
6(476 477 6243 6603 447 474)
6(478 479 6267 6627 448 476)
6(480 481 5635 5932 6292 451)
6(482 483 5956 6316 453 480)
6(484 485 5980 6340 455 482)
6(486 487 6004 6364 457 484)
6(488 489 6028 6388 459 486)
6(490 491 6052 6412 461 488)
6(492 493 6076 6436 463 490)
6(494 495 6100 6460 465 492)
6(496 497 6124 6484 467 494)
6(498 499 6148 6508 469 496)
6(500 501 6172 6532 471 498)
6(502 503 6196 6556 473 500)
6(504 505 6220 6580 475 502)
6(506 507 6244 6604 477 504)
6(508 509 6268 6628 478 506)
6(510 511 5636 5933 6293 481)
6(512 513 5957 6317 483 510)
6(514 515 5981 6341 485 512)
6(516 517 6005 6365 487 514)
6(518 519 6029 6389 489 516)
6(520 521 6053 6413 491 518)
6(522 523 6077 6437 493 520)
6(524 525 6101 6461 495 522)
6(526 527 6125 6485 497 524)
6(528 529 6149 6509 499 526)
6(530 531 6173 6533 501 528)
6(532 533 6197 6557 503 530)
6(534 535 6221 6581 505 532)
6(536 537 6245 6605 507 534)
6(538 539 6269 6629 508 536)
6(540 541 5637 5934 6294 511)
6(542 543 5958 6318 513 540)
6(544 545 5982 6342 515 542)
6(546 547 6006 6366 517 544)
6(548 549 6030 6390 519 546)
6(550 551 6054 6414 521 548)
6(552 553 6078 6438 523 550)
6(554 555 6102 6462 525 552)
6(556 557 6126 6486 527 554)
6(558 559 6150 6510 529 556)
6(560 561 6174 6534 531 558)
6(562 563 6198 6558 533 560)
6(564 565 6222 6582 535 562)
6(566 567 6246 6606 537 564)
6(568 569 6270 6630 538 566)
6(570 571 5638 5935 6295 541)
6(572 573 5959 6319 543 570)
6(574 575 5983 6343 545 572)
6(576 577 6007 6367 547 574)
6(578 579 6031 6391 549 576)
6(580 581 6055 6415 551 578)
6(582 583 6079 6439 553 580)
6(584 585 6103 6463 555 582)
6(586 587 6127 6487 557 584)
6(588 589 6151 6511 559 586)
6(590 591 6175 6535 561 588)
6(592 593 6199 6559 563 590)
6(594 595 6223 6583 565 592)
6(596 597 6247 6607 567 594)
6(598 599 6271 6631 568 596)
6(600 601 5639 5936 6296 571)
6(602 603 5960 6320 573 600)
6(604 605 5984 6344 575 602)
6(606 607 6008 6368 577 604)
6(608 609 6032 6392 579 606)
6(610 611 6056 6416 581 608)
6(612 613 6080 6440 583 610)
6(614 615 6104 6464 585 612)
6(616 617 6128 6488 587 614)
6(618 619 6152 6512 589 616)
6(620 621 6176 6536 591 618)
6(622 623 6200 6560 593 620)
6(624 625 6224 6584 595 622)
6(626 627 6248 6608 597 624)
6(628 629 6272 6632 598 626)
6(630 631 5640 5937 6297 601)
6(632 633 5961 6321 603 630)
6(634 635 5985 6345 605 632)
6(636 637 6009 6369 607 634)
6(638 639 6033 6393 609 636)
6(640 641 6057 6417 611 638)
6(642 643 6081 6441 613 640)
6(644 645 6105 6465 615 642)
6(646 647 6129 6489 617 644)
6(648 649 6153 6513 619 646)
6(650 651 6177 6537 621 648)
6(652 653 6201 6561 623 650)
6(654 655 6225 6585 625 652)
6(656 657 6249 6609 627 654)
6(658 659 6273 6633 628 656)
6(660 661 5641 5938 6298 631)
6(662 663 5962 6322 633 660)
6(664 665 5986 6346 635 662)
6(666 667 6010 6370 637 664)
6(668 669 6034 6394 639 666)
6(670 671 6058 6418 641 668)
6(672 673 6082 6442 643 670)
6(674 675 6106 6466 645 672)
6(676 677 6130 6490 647 674)
6(678 679 6154 6514 649 676)
6(680 681 6178 6538 651 678)
6(682 683 6202 6562 653 680)
6(684 685 6226 6586 655 682)
6(686 687 6250 6610 657 684)
6(688 689 6274 6634 658 686)
6(690 5642 5643 5939 6299 661)
6(691 5644 5963 6323 663 690)
6(692 5645 5987 6347 665 691)
6(693 5646 6011 6371 667 692)
6(694 5647 6035 6395 669 693)
6(695 5648 6059 6419 671 694)
6(696 5649 6083 6443 673 695)
6(697 5650 6107 6467 675 696)
6(698 5651 6131 6491 677 697)
6(699 5652 6155 6515 679 698)
6(700 5653 6179 6539 681 699)
6(701 5654 6203 6563 683 700)
6(702 5655 6227 6587 685 701)
6(703 5656 6251 6611 687 702)
6(704 5657 6275 6635 688 703)
6(705 706 707 6636 6996 29)
6(708 709 710 6660 7020 705)
6(711 712 713 6684 7044 708)
6(714 715 716 6708 7068 711)
6(717 718 719 6732 7092 714)
6(720 721 722 6756 7116 717)
6(723 724 725 6780 7140 720)
6(726 727 728 6804 7164 723)
6(729 730 731 6828 7188 726)
6(732 733 734 6852 7212 729)
6(735 736 737 6876 7236 732)
6(738 739 740 6900 7260 735)
6(741 742 743 6924 7284 738)
6(744 745 746 6948 7308 741)
6(747 748 5820 6972 7332 744)
6(749 750 6637 6997 59 706)
6(751 752 6661 7021 709 749)
6(753 754 6685 7045 712 751)
6(755 756 6709 7069 715 753)
6(757 758 6733 7093 718 755)
6(759 760 6757 7117 721 757)
6(761 762 6781 7141 724 759)
6(763 764 6805 7165 727 761)
6(765 766 6829 7189 730 763)
6(767 768 6853 7213 733 765)
6(769 770 6877 7237 736 767)
6(771 772 6901 7261 739 769)
6(773 774 6925 7285 742 771)
6(775 776 6949 7309 745 773)
6(777 5821 6973 7333 747 775)
6(778 779 6638 6998 89 750)
6(780 781 6662 7022 752 778)
6(782 783 6686 7046 754 780)
6(784 785 6710 7070 756 782)
6(786 787 6734 7094 758 784)
6(788 789 6758 7118 760 786)
6(790 791 6782 7142 762 788)
6(792 793 6806 7166 764 790)
6(794 795 6830 7190 766 792)
6(796 797 6854 7214 768 794)
6(798 799 6878 7238 770 796)
6(800 801 6902 7262 772 798)
6(802 803 6926 7286 774 800)
6(804 805 6950 7310 776 802)
6(806 5822 6974 7334 777 804)
6(807 808 6639 6999 119 779)
6(809 810 6663 7023 781 807)
6(811 812 6687 7047 783 809)
6(813 814 6711 7071 785 811)
6(815 816 6735 7095 787 813)
6(817 818 6759 7119 789 815)
6(819 820 6783 7143 791 817)
6(821 822 6807 7167 793 819)
6(823 824 6831 7191 795 821)
6(825 826 6855 7215 797 823)
6(827 828 6879 7239 799 825)
6(829 830 6903 7263 801 827)
6(831 832 6927 7287 803 829)
6(833 834 6951 7311 805 831)
6(835 5823 6975 7335 806 833)
6(836 837 6640 7000 149 808)
6(838 839 6664 7024 810 836)
6(840 841 6688 7048 812 838)
6(842 843 6712 7072 814 840)
6(844 845 6736 7096 816 842)
6(846 847 6760 7120 818 844)
6(848 849 6784 7144 820 846)
6(850 851 6808 7168 822 848)
6(852 853 6832 7192 824 850)
6(854 855 6856 7216 826 852)
6(856 857 6880 7240 828 854)
6(858 859 6904 7264 830 856)
6(860 861 6928 7288 832 858)
6(862 863 6952 7312 834 860)
6(864 5824 6976 7336 835 862)
6(865 866 6641 7001 179 837)
6(867 868 6665 7025 839 865)
6(869 870 6689 7049 841 867)
6(871 872 6713 7073 843 869)
6(873 874 6737 7097 845 871)
6(875 876 6761 7121 847 873)
6(877 878 6785 7145 849 875)
6(879 880 6809 7169 851 877)
6(881 882 6833 7193 853 879)
6(883 884 6857 7217 855 881)
6(885 886 6881 7241 857 883)
6(887 888 6905 7265 859 885)
6(889 890 6929 7289 861 887)
6(891 892 6953 7313 863 889)
6(893 5825 6977 7337 864 891)
6(894 895 6642 7002 209 866)
6(896 897 6666 7026 868 894)
6(898 899 6690 7050 870 896)
6(900 901 6714 7074 872 898)
6(902 903 6738 7098 874 900)
6(904 905 6762 7122 876 902)
6(906 907 6786 7146 878 904)
6(908 909 6810 7170 880 906)
6(910 911 6834 7194 882 908)
6(912 913 6858 7218 884 910)
6(914 915 6882 7242 886 912)
6(916 917 6906 7266 888 914)
6(918 919 6930 7290 890 916)
6(920 921 6954 7314 892 918)
6(922 5826 6978 7338 893 920)
6(923 924 6643 7003 239 895)
6(925 926 6667 7027 897 923)
6(927 928 6691 7051 899 925)
6(929 930 6715 7075 901 927)
6(931 932 6739 7099 903 929)
6(933 934 6763 7123 905 931)
6(935 936 6787 7147 907 933)
6(937 938 6811 7171 909 935)
6(939 940 6835 7195 911 937)
6(941 942 6859 7219 913 939)
6(943 944 6883 7243 915 941)
6(945 946 6907 7267 917 943)
6(947 948 6931 7291 919 945)
6(949 950 6955 7315 921 947)
6(951 5827 6979 7339 922 949)
6(952 953 6644 7004 269 924)
6(954 955 6668 7028 926 952)
6(956 957 6692 7052 928 954)
6(958 959 6716 7076 930 956)
6(960 961 6740 7100 932 958)
6(962 963 6764 7124 934 960)
6(964 965 6788 7148 936 962)
6(966 967 6812 7172 938 964)
6(968 969 6836 7196 940 966)
6(970 971 6860 7220 942 968)
6(972 973 6884 7244 944 970)
6(974 975 6908 7268 946 972)
6(976 977 6932 7292 948 974)
6(978 979 6956 7316 950 976)
6(980 5828 6980 7340 951 978)
6(981 982 6645 7005 299 953)
6(983 984 6669 7029 955 981)
6(985 986 6693 7053 957 983)
6(987 988 6717 7077 959 985)
6(989 990 6741 7101 961 987)
6(991 992 6765 7125 963 989)
6(993 994 6789 7149 965 991)
6(995 996 6813 7173 967 993)
6(997 998 6837 7197 969 995)
6(999 1000 6861 7221 971 997)
6(1001 1002 6885 7245 973 999)
6(1003 1004 6909 7269 975 1001)
6(1005 1006 6933 7293 977 1003)
6(1007 1008 6957 7317 979 1005)
6(1009 5829 6981 7341 980 1007)
6(1010 1011 6646 7006 329 982)
6(1012 1013 6670 7030 984 1010)
6(1014 1015 6694 7054 986 1012)
6(1016 1017 6718 7078 988 1014)
6(1018 1019 6742 7102 990 1016)
6(1020 1021 6766 7126 992 1018)
6(1022 1023 6790 7150 994 1020)
6(1024 1025 6814 7174 996 1022)
6(1026 1027 6838 7198 998 1024)
6(1028 1029 6862 7222 1000 1026)
6(1030 1031 6886 7246 1002 1028)
6(1032 1033 6910 7270 1004 1030)
6(1034 1035 6934 7294 1006 1032)
6(1036 1037 6958 7318 1008 1034)
6(1038 5830 6982 7342 1009 1036)
6(1039 1040 6647 7007 359 1011)
6(1041 1042 6671 7031 1013 1039)
6(1043 1044 6695 7055 1015 1041)
6(1045 1046 6719 7079 1017 1043)
6(1047 1048 6743 7103 1019 1045)
6(1049 1050 6767 7127 1021 1047)
6(1051 1052 6791 7151 1023 1049)
6(1053 1054 6815 7175 1025 1051)
6(1055 1056 6839 7199 1027 1053)
6(1057 1058 6863 7223 1029 1055)
6(1059 1060 6887 7247 1031 1057)
6(1061 1062 6911 7271 1033 1059)
6(1063 1064 6935 7295 1035 1061)
6(1065 1066 6959 7319 1037 1063)
6(1067 5831 6983 7343 1038 1065)
6(1068 1069 6648 7008 389 1040)
6(1070 1071 6672 7032 1042 1068)
6(1072 1073 6696 7056 1044 1070)
6(1074 1075 6720 7080 1046 1072)
6(1076 1077 6744 7104 1048 1074)
6(1078 1079 6768 7128 1050 1076)
6(1080 1081 6792 7152 1052 1078)
6(1082 1083 6816 7176 1054 1080)
6(1084 1085 6840 7200 1056 1082)
6(1086 1087 6864 7224 1058 1084)
6(1088 1089 6888 7248 1060 1086)
6(1090 1091 6912 7272 1062 1088)
6(1092 1093 6936 7296 1064 1090)
6(1094 1095 6960 7320 1066 1092)
6(1096 5832 6984 7344 1067 1094)
6(1097 1098 6649 7009 419 1069)
6(1099 1100 6673 7033 1071 1097)
6(1101 1102 6697 7057 1073 1099)
6(1103 1104 6721 7081 1075 1101)
6(1105 1106 6745 7105 1077 1103)
6(1107 1108 6769 7129 1079 1105)
6(1109 1110 6793 7153 1081 1107)
6(1111 1112 6817 7177 1083 1109)
6(1113 1114 6841 7201 1085 1111)
6(1115 1116 6865 7225 1087 1113)
6(1117 1118 6889 7249 1089 1115)
6(1119 1120 6913 7273 1091 1117)
6(1121 1122 6937 7297 1093 1119)
6(1123 1124 6961 7321 1095 1121)
6(1125 5833 6985 7345 1096 1123)
6(1126 1127 6650 7010 449 1098)
6(1128 1129 6674 7034 1100 1126)
6(1130 1131 6698 7058 1102 1128)
6(1132 1133 6722 7082 1104 1130)
6(1134 1135 6746 7106 1106 1132)
6(1136 1137 6770 7130 1108 1134)
6(1138 1139 6794 7154 1110 1136)
6(1140 1141 6818 7178 1112 1138)
6(1142 1143 6842 7202 1114 1140)
6(1144 1145 6866 7226 1116 1142)
6(1146 1147 6890 7250 1118 1144)
6(1148 1149 6914 7274 1120 1146)
6(1150 1151 6938 7298 1122 1148)
6(1152 1153 6962 7322 1124 1150)
6(1154 5834 6986 7346 1125 1152)
6(1155 1156 6651 7011 479 1127)
6(1157 1158 6675 7035 1129 1155)
6(1159 1160 6699 7059 1131 1157)
6(1161 1162 6723 7083 1133 1159)
6(1163 1164 6747 7107 1135 1161)
6(1165 1166 6771 7131 1137 1163)
6(1167 1168 6795 7155 1139 1165)
6(1169 1170 6819 7179 1141 1167)
6(1171 1172 6843 7203 1143 1169)
6(1173 1174 6867 7227 1145 1171)
6(1175 1176 6891 7251 1147 1173)
6(1177 1178 6915 7275 1149 1175)
6(1179 1180 6939 7299 1151 1177)
6(1181 1182 6963 7323 1153 1179)
6(1183 5835 6987 7347 1154 1181)
6(1184 1185 6652 7012 509 1156)
6(1186 1187 6676 7036 1158 1184)
6(1188 1189 6700 7060 1160 1186)
6(1190 1191 6724 7084 1162 1188)
6(1192 1193 6748 7108 1164 1190)
6(1194 1195 6772 7132 1166 1192)
6(1196 1197 6796 7156 1168 1194)
6(1198 1199 6820 7180 1170 1196)
6(1200 1201 6844 7204 1172 1198)
6(1202 1203 6868 7228 1174 1200)
6(1204 1205 6892 7252 1176 1202)
6(1206 1207 6916 7276 1178 1204)
6(1208 1209 6940 7300 1180 1206)
6(1210 1211 6964 7324 1182 1208)
6(1212 5836 6988 7348 1183 1210)
6(1213 1214 6653 7013 539 1185)
6(1215 1216 6677 7037 1187 1213)
6(1217 1218 6701 7061 1189 1215)
6(1219 1220 6725 7085 1191 1217)
6(1221 1222 6749 7109 1193 1219)
6(1223 1224 6773 7133 1195 1221)
6(1225 1226 6797 7157 1197 1223)
6(1227 1228 6821 7181 1199 1225)
6(1229 1230 6845 7205 1201 1227)
6(1231 1232 6869 7229 1203 1229)
6(1233 1234 6893 7253 1205 1231)
6(1235 1236 6917 7277 1207 1233)
6(1237 1238 6941 7301 1209 1235)
6(1239 1240 6965 7325 1211 1237)
6(1241 5837 6989 7349 1212 1239)
6(1242 1243 6654 7014 569 1214)
6(1244 1245 6678 7038 1216 1242)
6(1246 1247 6702 7062 1218 1244)
6(1248 1249 6726 7086 1220 1246)
6(1250 1251 6750 7110 1222 1248)
6(1252 1253 6774 7134 1224 1250)
6(1254 1255 6798 7158 1226 1252)
6(1256 1257 6822 7182 1228 1254)
6(1258 1259 6846 7206 1230 1256)
6(1260 1261 6870 7230 1232 1258)
6(1262 1263 6894 7254 1234 1260)
6(1264 1265 6918 7278 1236 1262)
6(1266 1267 6942 7302 1238 1264)
6(1268 1269 6966 7326 1240 1266)
6(1270 5838 6990 7350 1241 1268)
6(1271 1272 6655 7015 599 1243)
6(1273 1274 6679 7039 1245 1271)
6(1275 1276 6703 7063 1247 1273)
6(1277 1278 6727 7087 1249 1275)
6(1279 1280 6751 7111 1251 1277)
6(1281 1282 6775 7135 1253 1279)
6(1283 1284 6799 7159 1255 1281)
6(1285 1286 6823 7183 1257 1283)
6(1287 1288 6847 7207 1259 1285)
6(1289 1290 6871 7231 1261 1287)
6(1291 1292 6895 7255 1263 1289)
6(1293 1294 6919 7279 1265 1291)
6(1295 1296 6943 7303 1267 1293)
6(1297 1298 6967 7327 1269 1295)
6(1299 5839 6991 7351 1270 1297)
6(1300 1301 6656 7016 629 1272)
6(1302 1303 6680 7040 1274 1300)
6(1304 1305 6704 7064 1276 1302)
6(1306 1307 6728 7088 1278 1304)
6(1308 1309 6752 7112 1280 1306)
6(1310 1311 6776 7136 1282 1308)
6(1312 1313 6800 7160 1284 1310)
6(1314 1315 6824 7184 1286 1312)
6(1316 1317 6848 7208 1288 1314)
6(1318 1319 6872 7232 1290 1316)
6(1320 1321 6896 7256 1292 1318)
6(1322 1323 6920 7280 1294 1320)
6(1324 1325 6944 7304 1296 1322)
6(1326 1327 6968 7328 1298 1324)
6(1328 5840 6992 7352 1299 1326)
6(1329 1330 6657 7017 659 1301)
6(1331 1332 6681 7041 1303 1329)
6(1333 1334 6705 7065 1305 1331)
6(1335 1336 6729 7089 1307 1333)
6(1337 1338 6753 7113 1309 1335)
6(1339 1340 6777 7137 1311 1337)
6(1341 1342 6801 7161 1313 1339)
6(1343 1344 6825 7185 1315 1341)
6(1345 1346 6849 7209 1317 1343)
6(1347 1348 6873 7233 1319 1345)
6(1349 1350 6897 7257 1321 1347)
6(1351 1352 6921 7281 1323 1349)
6(1353 1354 6945 7305 1325 1351)
6(1355 1356 6969 7329 1327 1353)
6(1357 5841 6993 7353 1328 1355)
6(1358 1359 6658 7018 689 1330)
6(1360 1361 6682 7042 1332 1358)
6(1362 1363 6706 7066 1334 1360)
6(1364 1365 6730 7090 1336 1362)
6(1366 1367 6754 7114 1338 1364)
6(1368 1369 6778 7138 1340 1366)
6(1370 1371 6802 7162 1342 1368)
6(1372 1373 6826 7186 1344 1370)
6(1374 1375 6850 7210 1346 1372)
6(1376 1377 6874 7234 1348 1374)
6(1378 1379 6898 7258 1350 1376)
6(1380 1381 6922 7282 1352 1378)
6(1382 1383 6946 7306 1354 1380)
6(1384 1385 6970 7330 1356 1382)
6(1386 5842 6994 7354 1357 1384)
6(1387 1388 6659 7019 704 1359)
6(1389 1390 6683 7043 1361 1387)
6(1391 1392 6707 7067 1363 1389)
6(1393 1394 6731 7091 1365 1391)
6(1395 1396 6755 7115 1367 1393)
6(1397 1398 6779 7139 1369 1395)
6(1399 1400 6803 7163 1371 1397)
6(1401 1402 6827 7187 1373 1399)
6(1403 1404 6851 7211 1375 1401)
6(1405 1406 6875 7235 1377 1403)
6(1407 1408 6899 7259 1379 1405)
6(1409 1410 6923 7283 1381 1407)
6(1411 1412 6947 7307 1383 1409)
6(1413 1414 6971 7331 1385 1411)
6(1415 5843 6995 7355 1386 1413)
6(1416 1417 5658 5673 7356 7716)
6(1418 1419 5659 7380 7740 1416)
6(1420 1421 5660 7404 7764 1418)
6(1422 1423 5661 7428 7788 1420)
6(1424 1425 5662 7452 7812 1422)
6(1426 1427 5663 7476 7836 1424)
6(1428 1429 5664 7500 7860 1426)
6(1430 1431 5665 7524 7884 1428)
6(1432 1433 5666 7548 7908 1430)
6(1434 1435 5667 7572 7932 1432)
6(1436 1437 5668 7596 7956 1434)
6(1438 1439 5669 7620 7980 1436)
6(1440 1441 5670 7644 8004 1438)
6(1442 1443 5671 7668 8028 1440)
6(1444 1445 5672 7692 8052 1442)
6(1446 1447 5674 7357 7717 1417)
6(1448 1449 7381 7741 1419 1446)
6(1450 1451 7405 7765 1421 1448)
6(1452 1453 7429 7789 1423 1450)
6(1454 1455 7453 7813 1425 1452)
6(1456 1457 7477 7837 1427 1454)
6(1458 1459 7501 7861 1429 1456)
6(1460 1461 7525 7885 1431 1458)
6(1462 1463 7549 7909 1433 1460)
6(1464 1465 7573 7933 1435 1462)
6(1466 1467 7597 7957 1437 1464)
6(1468 1469 7621 7981 1439 1466)
6(1470 1471 7645 8005 1441 1468)
6(1472 1473 7669 8029 1443 1470)
6(1474 1475 7693 8053 1444 1472)
6(1476 1477 5675 7358 7718 1447)
6(1478 1479 7382 7742 1449 1476)
6(1480 1481 7406 7766 1451 1478)
6(1482 1483 7430 7790 1453 1480)
6(1484 1485 7454 7814 1455 1482)
6(1486 1487 7478 7838 1457 1484)
6(1488 1489 7502 7862 1459 1486)
6(1490 1491 7526 7886 1461 1488)
6(1492 1493 7550 7910 1463 1490)
6(1494 1495 7574 7934 1465 1492)
6(1496 1497 7598 7958 1467 1494)
6(1498 1499 7622 7982 1469 1496)
6(1500 1501 7646 8006 1471 1498)
6(1502 1503 7670 8030 1473 1500)
6(1504 1505 7694 8054 1474 1502)
6(1506 1507 5676 7359 7719 1477)
6(1508 1509 7383 7743 1479 1506)
6(1510 1511 7407 7767 1481 1508)
6(1512 1513 7431 7791 1483 1510)
6(1514 1515 7455 7815 1485 1512)
6(1516 1517 7479 7839 1487 1514)
6(1518 1519 7503 7863 1489 1516)
6(1520 1521 7527 7887 1491 1518)
6(1522 1523 7551 7911 1493 1520)
6(1524 1525 7575 7935 1495 1522)
6(1526 1527 7599 7959 1497 1524)
6(1528 1529 7623 7983 1499 1526)
6(1530 1531 7647 8007 1501 1528)
6(1532 1533 7671 8031 1503 1530)
6(1534 1535 7695 8055 1504 1532)
6(1536 1537 5677 7360 7720 1507)
6(1538 1539 7384 7744 1509 1536)
6(1540 1541 7408 7768 1511 1538)
6(1542 1543 7432 7792 1513 1540)
6(1544 1545 7456 7816 1515 1542)
6(1546 1547 7480 7840 1517 1544)
6(1548 1549 7504 7864 1519 1546)
6(1550 1551 7528 7888 1521 1548)
6(1552 1553 7552 7912 1523 1550)
6(1554 1555 7576 7936 1525 1552)
6(1556 1557 7600 7960 1527 1554)
6(1558 1559 7624 7984 1529 1556)
6(1560 1561 7648 8008 1531 1558)
6(1562 1563 7672 8032 1533 1560)
6(1564 1565 7696 8056 1534 1562)
6(1566 1567 5678 7361 7721 1537)
6(1568 1569 7385 7745 1539 1566)
6(1570 1571 7409 7769 1541 1568)
6(1572 1573 7433 7793 1543 1570)
6(1574 1575 7457 7817 1545 1572)
6(1576 1577 7481 7841 1547 1574)
6(1578 1579 7505 7865 1549 1576)
6(1580 1581 7529 7889 1551 1578)
6(1582 1583 7553 7913 1553 1580)
6(1584 1585 7577 7937 1555 1582)
6(1586 1587 7601 7961 1557 1584)
6(1588 1589 7625 7985 1559 1586)
6(1590 1591 7649 8009 1561 1588)
6(1592 1593 7673 8033 1563 1590)
6(1594 1595 7697 8057 1564 1592)
6(1596 1597 5679 7362 7722 1567)
6(1598 1599 7386 7746 1569 1596)
6(1600 1601 7410 7770 1571 1598)
6(1602 1603 7434 7794 1573 1600)
6(1604 1605 7458 7818 1575 1602)
6(1606 1607 7482 7842 1577 1604)
6(1608 1609 7506 7866 1579 1606)
6(1610 1611 7530 7890 1581 1608)
6(1612 1613 7554 7914 1583 1610)
6(1614 1615 7578 7938 1585 1612)
6(1616 1617 7602 7962 1587 1614)
6(1618 1619 7626 7986 1589 1616)
6(1620 1621 7650 8010 1591 1618)
6(1622 1623 7674 8034 1593 1620)
6(1624 1625 7698 8058 1594 1622)
6(1626 1627 5680 7363 7723 1597)
6(1628 1629 7387 7747 1599 1626)
6(1630 1631 7411 7771 1601 1628)
6(1632 1633 7435 7795 1603 1630)
6(1634 1635 7459 7819 1605 1632)
6(1636 1637 7483 7843 1607 1634)
6(1638 1639 7507 7867 1609 1636)
6(1640 1641 7531 7891 1611 1638)
6(1642 1643 7555 7915 1613 1640)
6(1644 1645 7579 7939 1615 1642)
6(1646 1647 7603 7963 1617 1644)
6(1648 1649 7627 7987 1619 1646)
6(1650 1651 7651 8011 1621 1648)
6(1652 1653 7675 8035 1623 1650)
6(1654 1655 7699 8059 1624 1652)
6(1656 1657 5681 7364 7724 1627)
6(1658 1659 7388 7748 1629 1656)
6(1660 1661 7412 7772 1631 1658)
6(1662 1663 7436 7796 1633 1660)
6(1664 1665 7460 7820 1635 1662)
6(1666 1667 7484 7844 1637 1664)
6(1668 1669 7508 7868 1639 1666)
6(1670 1671 7532 7892 1641 1668)
6(1672 1673 7556 7916 1643 1670)
6(1674 1675 7580 7940 1645 1672)
6(1676 1677 7604 7964 1647 1674)
6(1678 1679 7628 7988 1649 1676)
6(1680 1681 7652 8012 1651 1678)
6(1682 1683 7676 8036 1653 1680)
6(1684 1685 7700 8060 1654 1682)
6(1686 1687 5682 7365 7725 1657)
6(1688 1689 7389 7749 1659 1686)
6(1690 1691 7413 7773 1661 1688)
6(1692 1693 7437 7797 1663 1690)
6(1694 1695 7461 7821 1665 1692)
6(1696 1697 7485 7845 1667 1694)
6(1698 1699 7509 7869 1669 1696)
6(1700 1701 7533 7893 1671 1698)
6(1702 1703 7557 7917 1673 1700)
6(1704 1705 7581 7941 1675 1702)
6(1706 1707 7605 7965 1677 1704)
6(1708 1709 7629 7989 1679 1706)
6(1710 1711 7653 8013 1681 1708)
6(1712 1713 7677 8037 1683 1710)
6(1714 1715 7701 8061 1684 1712)
6(1716 1717 5683 7366 7726 1687)
6(1718 1719 7390 7750 1689 1716)
6(1720 1721 7414 7774 1691 1718)
6(1722 1723 7438 7798 1693 1720)
6(1724 1725 7462 7822 1695 1722)
6(1726 1727 7486 7846 1697 1724)
6(1728 1729 7510 7870 1699 1726)
6(1730 1731 7534 7894 1701 1728)
6(1732 1733 7558 7918 1703 1730)
6(1734 1735 7582 7942 1705 1732)
6(1736 1737 7606 7966 1707 1734)
6(1738 1739 7630 7990 1709 1736)
6(1740 1741 7654 8014 1711 1738)
6(1742 1743 7678 8038 1713 1740)
6(1744 1745 7702 8062 1714 1742)
6(1746 1747 5684 7367 7727 1717)
6(1748 1749 7391 7751 1719 1746)
6(1750 1751 7415 7775 1721 1748)
6(1752 1753 7439 7799 1723 1750)
6(1754 1755 7463 7823 1725 1752)
6(1756 1757 7487 7847 1727 1754)
6(1758 1759 7511 7871 1729 1756)
6(1760 1761 7535 7895 1731 1758)
6(1762 1763 7559 7919 1733 1760)
6(1764 1765 7583 7943 1735 1762)
6(1766 1767 7607 7967 1737 1764)
6(1768 1769 7631 7991 1739 1766)
6(1770 1771 7655 8015 1741 1768)
6(1772 1773 7679 8039 1743 1770)
6(1774 1775 7703 8063 1744 1772)
6(1776 1777 5685 7368 7728 1747)
6(1778 1779 7392 7752 1749 1776)
6(1780 1781 7416 7776 1751 1778)
6(1782 1783 7440 7800 1753 1780)
6(1784 1785 7464 7824 1755 1782)
6(1786 1787 7488 7848 1757 1784)
6(1788 1789 7512 7872 1759 1786)
6(1790 1791 7536 7896 1761 1788)
6(1792 1793 7560 7920 1763 1790)
6(1794 1795 7584 7944 1765 1792)
6(1796 1797 7608 7968 1767 1794)
6(1798 1799 7632 7992 1769 1796)
6(1800 1801 7656 8016 1771 1798)
6(1802 1803 7680 8040 1773 1800)
6(1804 1805 7704 8064 1774 1802)
6(1806 1807 5686 7369 7729 1777)
6(1808 1809 7393 7753 1779 1806)
6(1810 1811 7417 7777 1781 1808)
6(1812 1813 7441 7801 1783 1810)
6(1814 1815 7465 7825 1785 1812)
6(1816 1817 7489 7849 1787 1814)
6(1818 1819 7513 7873 1789 1816)
6(1820 1821 7537 7897 1791 1818)
6(1822 1823 7561 7921 1793 1820)
6(1824 1825 7585 7945 1795 1822)
6(1826 1827 7609 7969 1797 1824)
6(1828 1829 7633 7993 1799 1826)
6(1830 1831 7657 8017 1801 1828)
6(1832 1833 7681 8041 1803 1830)
6(1834 1835 7705 8065 1804 1832)
6(1836 1837 5687 7370 7730 1807)
6(1838 1839 7394 7754 1809 1836)
6(1840 1841 7418 7778 1811 1838)
6(1842 1843 7442 7802 1813 1840)
6(1844 1845 7466 7826 1815 1842)
6(1846 1847 7490 7850 1817 1844)
6(1848 1849 7514 7874 1819 1846)
6(1850 1851 7538 7898 1821 1848)
6(1852 1853 7562 7922 1823 1850)
6(1854 1855 7586 7946 1825 1852)
6(1856 1857 7610 7970 1827 1854)
6(1858 1859 7634 7994 1829 1856)
6(1860 1861 7658 8018 1831 1858)
6(1862 1863 7682 8042 1833 1860)
6(1864 1865 7706 8066 1834 1862)
6(1866 1867 5688 7371 7731 1837)
6(1868 1869 7395 7755 1839 1866)
6(1870 1871 7419 7779 1841 1868)
6(1872 1873 7443 7803 1843 1870)
6(1874 1875 7467 7827 1845 1872)
6(1876 1877 7491 7851 1847 1874)
6(1878 1879 7515 7875 1849 1876)
6(1880 1881 7539 7899 1851 1878)
6(1882 1883 7563 7923 1853 1880)
6(1884 1885 7587 7947 1855 1882)
6(1886 1887 7611 7971 1857 1884)
6(1888 1889 7635 7995 1859 1886)
6(1890 1891 7659 8019 1861 1888)
6(1892 1893 7683 8043 1863 1890)
6(1894 1895 7707 8067 1864 1892)
6(1896 1897 5689 7372 7732 1867)
6(1898 1899 7396 7756 1869 1896)
6(1900 1901 7420 7780 1871 1898)
6(1902 1903 7444 7804 1873 1900)
6(1904 1905 7468 7828 1875 1902)
6(1906 1907 7492 7852 1877 1904)
6(1908 1909 7516 7876 1879 1906)
6(1910 1911 7540 7900 1881 1908)
6(1912 1913 7564 7924 1883 1910)
6(1914 1915 7588 7948 1885 1912)
6(1916 1917 7612 7972 1887 1914)
6(1918 1919 7636 7996 1889 1916)
6(1920 1921 7660 8020 1891 1918)
6(1922 1923 7684 8044 1893 1920)
6(1924 1925 7708 8068 1894 1922)
6(1926 1927 5690 7373 7733 1897)
6(1928 1929 7397 7757 1899 1926)
6(1930 1931 7421 7781 1901 1928)
6(1932 1933 7445 7805 1903 1930)
6(1934 1935 7469 7829 1905 1932)
6(1936 1937 7493 7853 1907 1934)
6(1938 1939 7517 7877 1909 1936)
6(1940 1941 7541 7901 1911 1938)
6(1942 1943 7565 7925 1913 1940)
6(1944 1945 7589 7949 1915 1942)
6(1946 1947 7613 7973 1917 1944)
6(1948 1949 7637 7997 1919 1946)
6(1950 1951 7661 8021 1921 1948)
6(1952 1953 7685 8045 1923 1950)
6(1954 1955 7709 8069 1924 1952)
6(1956 1957 5691 7374 7734 1927)
6(1958 1959 7398 7758 1929 1956)
6(1960 1961 7422 7782 1931 1958)
6(1962 1963 7446 7806 1933 1960)
6(1964 1965 7470 7830 1935 1962)
6(1966 1967 7494 7854 1937 1964)
6(1968 1969 7518 7878 1939 1966)
6(1970 1971 7542 7902 1941 1968)
6(1972 1973 7566 7926 1943 1970)
6(1974 1975 7590 7950 1945 1972)
6(1976 1977 7614 7974 1947 1974)
6(1978 1979 7638 7998 1949 1976)
6(1980 1981 7662 8022 1951 1978)
6(1982 1983 7686 8046 1953 1980)
6(1984 1985 7710 8070 1954 1982)
6(1986 1987 5692 7375 7735 1957)
6(1988 1989 7399 7759 1959 1986)
6(1990 1991 7423 7783 1961 1988)
6(1992 1993 7447 7807 1963 1990)
6(1994 1995 7471 7831 1965 1992)
6(1996 1997 7495 7855 1967 1994)
6(1998 1999 7519 7879 1969 1996)
6(2000 2001 7543 7903 1971 1998)
6(2002 2003 7567 7927 1973 2000)
6(2004 2005 7591 7951 1975 2002)
6(2006 2007 7615 7975 1977 2004)
6(2008 2009 7639 7999 1979 2006)
6(2010 2011 7663 8023 1981 2008)
6(2012 2013 7687 8047 1983 2010)
6(2014 2015 7711 8071 1984 2012)
6(2016 2017 5693 7376 7736 1987)
6(2018 2019 7400 7760 1989 2016)
6(2020 2021 7424 7784 1991 2018)
6(2022 2023 7448 7808 1993 2020)
6(2024 2025 7472 7832 1995 2022)
6(2026 2027 7496 7856 1997 2024)
6(2028 2029 7520 7880 1999 2026)
6(2030 2031 7544 7904 2001 2028)
6(2032 2033 7568 7928 2003 2030)
6(2034 2035 7592 7952 2005 2032)
6(2036 2037 7616 7976 2007 2034)
6(2038 2039 7640 8000 2009 2036)
6(2040 2041 7664 8024 2011 2038)
6(2042 2043 7688 8048 2013 2040)
6(2044 2045 7712 8072 2014 2042)
6(2046 2047 5694 7377 7737 2017)
6(2048 2049 7401 7761 2019 2046)
6(2050 2051 7425 7785 2021 2048)
6(2052 2053 7449 7809 2023 2050)
6(2054 2055 7473 7833 2025 2052)
6(2056 2057 7497 7857 2027 2054)
6(2058 2059 7521 7881 2029 2056)
6(2060 2061 7545 7905 2031 2058)
6(2062 2063 7569 7929 2033 2060)
6(2064 2065 7593 7953 2035 2062)
6(2066 2067 7617 7977 2037 2064)
6(2068 2069 7641 8001 2039 2066)
6(2070 2071 7665 8025 2041 2068)
6(2072 2073 7689 8049 2043 2070)
6(2074 2075 7713 8073 2044 2072)
6(2076 2077 5695 7378 7738 2047)
6(2078 2079 7402 7762 2049 2076)
6(2080 2081 7426 7786 2051 2078)
6(2082 2083 7450 7810 2053 2080)
6(2084 2085 7474 7834 2055 2082)
6(2086 2087 7498 7858 2057 2084)
6(2088 2089 7522 7882 2059 2086)
6(2090 2091 7546 7906 2061 2088)
6(2092 2093 7570 7930 2063 2090)
6(2094 2095 7594 7954 2065 2092)
6(2096 2097 7618 7978 2067 2094)
6(2098 2099 7642 8002 2069 2096)
6(2100 2101 7666 8026 2071 2098)
6(2102 2103 7690 8050 2073 2100)
6(2104 2105 7714 8074 2074 2102)
6(2106 5696 5697 7379 7739 2077)
6(2107 5698 7403 7763 2079 2106)
6(2108 5699 7427 7787 2081 2107)
6(2109 5700 7451 7811 2083 2108)
6(2110 5701 7475 7835 2085 2109)
6(2111 5702 7499 7859 2087 2110)
6(2112 5703 7523 7883 2089 2111)
6(2113 5704 7547 7907 2091 2112)
6(2114 5705 7571 7931 2093 2113)
6(2115 5706 7595 7955 2095 2114)
6(2116 5707 7619 7979 2097 2115)
6(2117 5708 7643 8003 2099 2116)
6(2118 5709 7667 8027 2101 2117)
6(2119 5710 7691 8051 2103 2118)
6(2120 5711 7715 8075 2104 2119)
6(2121 2122 8076 8436 1388 1445)
6(2123 2124 8100 8460 1390 2121)
6(2125 2126 8124 8484 1392 2123)
6(2127 2128 8148 8508 1394 2125)
6(2129 2130 8172 8532 1396 2127)
6(2131 2132 8196 8556 1398 2129)
6(2133 2134 8220 8580 1400 2131)
6(2135 2136 8244 8604 1402 2133)
6(2137 2138 8268 8628 1404 2135)
6(2139 2140 8292 8652 1406 2137)
6(2141 2142 8316 8676 1408 2139)
6(2143 2144 8340 8700 1410 2141)
6(2145 2146 8364 8724 1412 2143)
6(2147 2148 8388 8748 1414 2145)
6(2149 5844 8412 8772 1415 2147)
6(2150 2151 8077 8437 1475 2122)
6(2152 2153 8101 8461 2124 2150)
6(2154 2155 8125 8485 2126 2152)
6(2156 2157 8149 8509 2128 2154)
6(2158 2159 8173 8533 2130 2156)
6(2160 2161 8197 8557 2132 2158)
6(2162 2163 8221 8581 2134 2160)
6(2164 2165 8245 8605 2136 2162)
6(2166 2167 8269 8629 2138 2164)
6(2168 2169 8293 8653 2140 2166)
6(2170 2171 8317 8677 2142 2168)
6(2172 2173 8341 8701 2144 2170)
6(2174 2175 8365 8725 2146 2172)
6(2176 2177 8389 8749 2148 2174)
6(2178 5845 8413 8773 2149 2176)
6(2179 2180 8078 8438 1505 2151)
6(2181 2182 8102 8462 2153 2179)
6(2183 2184 8126 8486 2155 2181)
6(2185 2186 8150 8510 2157 2183)
6(2187 2188 8174 8534 2159 2185)
6(2189 2190 8198 8558 2161 2187)
6(2191 2192 8222 8582 2163 2189)
6(2193 2194 8246 8606 2165 2191)
6(2195 2196 8270 8630 2167 2193)
6(2197 2198 8294 8654 2169 2195)
6(2199 2200 8318 8678 2171 2197)
6(2201 2202 8342 8702 2173 2199)
6(2203 2204 8366 8726 2175 2201)
6(2205 2206 8390 8750 2177 2203)
6(2207 5846 8414 8774 2178 2205)
6(2208 2209 8079 8439 1535 2180)
6(2210 2211 8103 8463 2182 2208)
6(2212 2213 8127 8487 2184 2210)
6(2214 2215 8151 8511 2186 2212)
6(2216 2217 8175 8535 2188 2214)
6(2218 2219 8199 8559 2190 2216)
6(2220 2221 8223 8583 2192 2218)
6(2222 2223 8247 8607 2194 2220)
6(2224 2225 8271 8631 2196 2222)
6(2226 2227 8295 8655 2198 2224)
6(2228 2229 8319 8679 2200 2226)
6(2230 2231 8343 8703 2202 2228)
6(2232 2233 8367 8727 2204 2230)
6(2234 2235 8391 8751 2206 2232)
6(2236 5847 8415 8775 2207 2234)
6(2237 2238 8080 8440 1565 2209)
6(2239 2240 8104 8464 2211 2237)
6(2241 2242 8128 8488 2213 2239)
6(2243 2244 8152 8512 2215 2241)
6(2245 2246 8176 8536 2217 2243)
6(2247 2248 8200 8560 2219 2245)
6(2249 2250 8224 8584 2221 2247)
6(2251 2252 8248 8608 2223 2249)
6(2253 2254 8272 8632 2225 2251)
6(2255 2256 8296 8656 2227 2253)
6(2257 2258 8320 8680 2229 2255)
6(2259 2260 8344 8704 2231 2257)
6(2261 2262 8368 8728 2233 2259)
6(2263 2264 8392 8752 2235 2261)
6(2265 5848 8416 8776 2236 2263)
6(2266 2267 8081 8441 1595 2238)
6(2268 2269 8105 8465 2240 2266)
6(2270 2271 8129 8489 2242 2268)
6(2272 2273 8153 8513 2244 2270)
6(2274 2275 8177 8537 2246 2272)
6(2276 2277 8201 8561 2248 2274)
6(2278 2279 8225 8585 2250 2276)
6(2280 2281 8249 8609 2252 2278)
6(2282 2283 8273 8633 2254 2280)
6(2284 2285 8297 8657 2256 2282)
6(2286 2287 8321 8681 2258 2284)
6(2288 2289 8345 8705 2260 2286)
6(2290 2291 8369 8729 2262 2288)
6(2292 2293 8393 8753 2264 2290)
6(2294 5849 8417 8777 2265 2292)
6(2295 2296 8082 8442 1625 2267)
6(2297 2298 8106 8466 2269 2295)
6(2299 2300 8130 8490 2271 2297)
6(2301 2302 8154 8514 2273 2299)
6(2303 2304 8178 8538 2275 2301)
6(2305 2306 8202 8562 2277 2303)
6(2307 2308 8226 8586 2279 2305)
6(2309 2310 8250 8610 2281 2307)
6(2311 2312 8274 8634 2283 2309)
6(2313 2314 8298 8658 2285 2311)
6(2315 2316 8322 8682 2287 2313)
6(2317 2318 8346 8706 2289 2315)
6(2319 2320 8370 8730 2291 2317)
6(2321 2322 8394 8754 2293 2319)
6(2323 5850 8418 8778 2294 2321)
6(2324 2325 8083 8443 1655 2296)
6(2326 2327 8107 8467 2298 2324)
6(2328 2329 8131 8491 2300 2326)
6(2330 2331 8155 8515 2302 2328)
6(2332 2333 8179 8539 2304 2330)
6(2334 2335 8203 8563 2306 2332)
6(2336 2337 8227 8587 2308 2334)
6(2338 2339 8251 8611 2310 2336)
6(2340 2341 8275 8635 2312 2338)
6(2342 2343 8299 8659 2314 2340)
6(2344 2345 8323 8683 2316 2342)
6(2346 2347 8347 8707 2318 2344)
6(2348 2349 8371 8731 2320 2346)
6(2350 2351 8395 8755 2322 2348)
6(2352 5851 8419 8779 2323 2350)
6(2353 2354 8084 8444 1685 2325)
6(2355 2356 8108 8468 2327 2353)
6(2357 2358 8132 8492 2329 2355)
6(2359 2360 8156 8516 2331 2357)
6(2361 2362 8180 8540 2333 2359)
6(2363 2364 8204 8564 2335 2361)
6(2365 2366 8228 8588 2337 2363)
6(2367 2368 8252 8612 2339 2365)
6(2369 2370 8276 8636 2341 2367)
6(2371 2372 8300 8660 2343 2369)
6(2373 2374 8324 8684 2345 2371)
6(2375 2376 8348 8708 2347 2373)
6(2377 2378 8372 8732 2349 2375)
6(2379 2380 8396 8756 2351 2377)
6(2381 5852 8420 8780 2352 2379)
6(2382 2383 8085 8445 1715 2354)
6(2384 2385 8109 8469 2356 2382)
6(2386 2387 8133 8493 2358 2384)
6(2388 2389 8157 8517 2360 2386)
6(2390 2391 8181 8541 2362 2388)
6(2392 2393 8205 8565 2364 2390)
6(2394 2395 8229 8589 2366 2392)
6(2396 2397 8253 8613 2368 2394)
6(2398 2399 8277 8637 2370 2396)
6(2400 2401 8301 8661 2372 2398)
6(2402 2403 8325 8685 2374 2400)
6(2404 2405 8349 8709 2376 2402)
6(2406 2407 8373 8733 2378 2404)
6(2408 2409 8397 8757 2380 2406)
6(2410 5853 8421 8781 2381 2408)
6(2411 2412 8086 8446 1745 2383)
6(2413 2414 8110 8470 2385 2411)
6(2415 2416 8134 8494 2387 2413)
6(2417 2418 8158 8518 2389 2415)
6(2419 2420 8182 8542 2391 2417)
6(2421 2422 8206 8566 2393 2419)
6(2423 2424 8230 8590 2395 2421)
6(2425 2426 8254 8614 2397 2423)
6(2427 2428 8278 8638 2399 2425)
6(2429 2430 8302 8662 2401 2427)
6(2431 2432 8326 8686 2403 2429)
6(2433 2434 8350 8710 2405 2431)
6(2435 2436 8374 8734 2407 2433)
6(2437 2438 8398 8758 2409 2435)
6(2439 5854 8422 8782 2410 2437)
6(2440 2441 8087 8447 1775 2412)
6(2442 2443 8111 8471 2414 2440)
6(2444 2445 8135 8495 2416 2442)
6(2446 2447 8159 8519 2418 2444)
6(2448 2449 8183 8543 2420 2446)
6(2450 2451 8207 8567 2422 2448)
6(2452 2453 8231 8591 2424 2450)
6(2454 2455 8255 8615 2426 2452)
6(2456 2457 8279 8639 2428 2454)
6(2458 2459 8303 8663 2430 2456)
6(2460 2461 8327 8687 2432 2458)
6(2462 2463 8351 8711 2434 2460)
6(2464 2465 8375 8735 2436 2462)
6(2466 2467 8399 8759 2438 2464)
6(2468 5855 8423 8783 2439 2466)
6(2469 2470 8088 8448 1805 2441)
6(2471 2472 8112 8472 2443 2469)
6(2473 2474 8136 8496 2445 2471)
6(2475 2476 8160 8520 2447 2473)
6(2477 2478 8184 8544 2449 2475)
6(2479 2480 8208 8568 2451 2477)
6(2481 2482 8232 8592 2453 2479)
6(2483 2484 8256 8616 2455 2481)
6(2485 2486 8280 8640 2457 2483)
6(2487 2488 8304 8664 2459 2485)
6(2489 2490 8328 8688 2461 2487)
6(2491 2492 8352 8712 2463 2489)
6(2493 2494 8376 8736 2465 2491)
6(2495 2496 8400 8760 2467 2493)
6(2497 5856 8424 8784 2468 2495)
6(2498 2499 8089 8449 1835 2470)
6(2500 2501 8113 8473 2472 2498)
6(2502 2503 8137 8497 2474 2500)
6(2504 2505 8161 8521 2476 2502)
6(2506 2507 8185 8545 2478 2504)
6(2508 2509 8209 8569 2480 2506)
6(2510 2511 8233 8593 2482 2508)
6(2512 2513 8257 8617 2484 2510)
6(2514 2515 8281 8641 2486 2512)
6(2516 2517 8305 8665 2488 2514)
6(2518 2519 8329 8689 2490 2516)
6(2520 2521 8353 8713 2492 2518)
6(2522 2523 8377 8737 2494 2520)
6(2524 2525 8401 8761 2496 2522)
6(2526 5857 8425 8785 2497 2524)
6(2527 2528 8090 8450 1865 2499)
6(2529 2530 8114 8474 2501 2527)
6(2531 2532 8138 8498 2503 2529)
6(2533 2534 8162 8522 2505 2531)
6(2535 2536 8186 8546 2507 2533)
6(2537 2538 8210 8570 2509 2535)
6(2539 2540 8234 8594 2511 2537)
6(2541 2542 8258 8618 2513 2539)
6(2543 2544 8282 8642 2515 2541)
6(2545 2546 8306 8666 2517 2543)
6(2547 2548 8330 8690 2519 2545)
6(2549 2550 8354 8714 2521 2547)
6(2551 2552 8378 8738 2523 2549)
6(2553 2554 8402 8762 2525 2551)
6(2555 5858 8426 8786 2526 2553)
6(2556 2557 8091 8451 1895 2528)
6(2558 2559 8115 8475 2530 2556)
6(2560 2561 8139 8499 2532 2558)
6(2562 2563 8163 8523 2534 2560)
6(2564 2565 8187 8547 2536 2562)
6(2566 2567 8211 8571 2538 2564)
6(2568 2569 8235 8595 2540 2566)
6(2570 2571 8259 8619 2542 2568)
6(2572 2573 8283 8643 2544 2570)
6(2574 2575 8307 8667 2546 2572)
6(2576 2577 8331 8691 2548 2574)
6(2578 2579 8355 8715 2550 2576)
6(2580 2581 8379 8739 2552 2578)
6(2582 2583 8403 8763 2554 2580)
6(2584 5859 8427 8787 2555 2582)
6(2585 2586 8092 8452 1925 2557)
6(2587 2588 8116 8476 2559 2585)
6(2589 2590 8140 8500 2561 2587)
6(2591 2592 8164 8524 2563 2589)
6(2593 2594 8188 8548 2565 2591)
6(2595 2596 8212 8572 2567 2593)
6(2597 2598 8236 8596 2569 2595)
6(2599 2600 8260 8620 2571 2597)
6(2601 2602 8284 8644 2573 2599)
6(2603 2604 8308 8668 2575 2601)
6(2605 2606 8332 8692 2577 2603)
6(2607 2608 8356 8716 2579 2605)
6(2609 2610 8380 8740 2581 2607)
6(2611 2612 8404 8764 2583 2609)
6(2613 5860 8428 8788 2584 2611)
6(2614 2615 8093 8453 1955 2586)
6(2616 2617 8117 8477 2588 2614)
6(2618 2619 8141 8501 2590 2616)
6(2620 2621 8165 8525 2592 2618)
6(2622 2623 8189 8549 2594 2620)
6(2624 2625 8213 8573 2596 2622)
6(2626 2627 8237 8597 2598 2624)
6(2628 2629 8261 8621 2600 2626)
6(2630 2631 8285 8645 2602 2628)
6(2632 2633 8309 8669 2604 2630)
6(2634 2635 8333 8693 2606 2632)
6(2636 2637 8357 8717 2608 2634)
6(2638 2639 8381 8741 2610 2636)
6(2640 2641 8405 8765 2612 2638)
6(2642 5861 8429 8789 2613 2640)
6(2643 2644 8094 8454 1985 2615)
6(2645 2646 8118 8478 2617 2643)
6(2647 2648 8142 8502 2619 2645)
6(2649 2650 8166 8526 2621 2647)
6(2651 2652 8190 8550 2623 2649)
6(2653 2654 8214 8574 2625 2651)
6(2655 2656 8238 8598 2627 2653)
6(2657 2658 8262 8622 2629 2655)
6(2659 2660 8286 8646 2631 2657)
6(2661 2662 8310 8670 2633 2659)
6(2663 2664 8334 8694 2635 2661)
6(2665 2666 8358 8718 2637 2663)
6(2667 2668 8382 8742 2639 2665)
6(2669 2670 8406 8766 2641 2667)
6(2671 5862 8430 8790 2642 2669)
6(2672 2673 8095 8455 2015 2644)
6(2674 2675 8119 8479 2646 2672)
6(2676 2677 8143 8503 2648 2674)
6(2678 2679 8167 8527 2650 2676)
6(2680 2681 8191 8551 2652 2678)
6(2682 2683 8215 8575 2654 2680)
6(2684 2685 8239 8599 2656 2682)
6(2686 2687 8263 8623 2658 2684)
6(2688 2689 8287 8647 2660 2686)
6(2690 2691 8311 8671 2662 2688)
6(2692 2693 8335 8695 2664 2690)
6(2694 2695 8359 8719 2666 2692)
6(2696 2697 8383 8743 2668 2694)
6(2698 2699 8407 8767 2670 2696)
6(2700 5863 8431 8791 2671 2698)
6(2701 2702 8096 8456 2045 2673)
6(2703 2704 8120 8480 2675 2701)
6(2705 2706 8144 8504 2677 2703)
6(2707 2708 8168 8528 2679 2705)
6(2709 2710 8192 8552 2681 2707)
6(2711 2712 8216 8576 2683 2709)
6(2713 2714 8240 8600 2685 2711)
6(2715 2716 8264 8624 2687 2713)
6(2717 2718 8288 8648 2689 2715)
6(2719 2720 8312 8672 2691 2717)
6(2721 2722 8336 8696 2693 2719)
6(2723 2724 8360 8720 2695 2721)
6(2725 2726 8384 8744 2697 2723)
6(2727 2728 8408 8768 2699 2725)
6(2729 5864 8432 8792 2700 2727)
6(2730 2731 8097 8457 2075 2702)
6(2732 2733 8121 8481 2704 2730)
6(2734 2735 8145 8505 2706 2732)
6(2736 2737 8169 8529 2708 2734)
6(2738 2739 8193 8553 2710 2736)
6(2740 2741 8217 8577 2712 2738)
6(2742 2743 8241 8601 2714 2740)
6(2744 2745 8265 8625 2716 2742)
6(2746 2747 8289 8649 2718 2744)
6(2748 2749 8313 8673 2720 2746)
6(2750 2751 8337 8697 2722 2748)
6(2752 2753 8361 8721 2724 2750)
6(2754 2755 8385 8745 2726 2752)
6(2756 2757 8409 8769 2728 2754)
6(2758 5865 8433 8793 2729 2756)
6(2759 2760 8098 8458 2105 2731)
6(2761 2762 8122 8482 2733 2759)
6(2763 2764 8146 8506 2735 2761)
6(2765 2766 8170 8530 2737 2763)
6(2767 2768 8194 8554 2739 2765)
6(2769 2770 8218 8578 2741 2767)
6(2771 2772 8242 8602 2743 2769)
6(2773 2774 8266 8626 2745 2771)
6(2775 2776 8290 8650 2747 2773)
6(2777 2778 8314 8674 2749 2775)
6(2779 2780 8338 8698 2751 2777)
6(2781 2782 8362 8722 2753 2779)
6(2783 2784 8386 8746 2755 2781)
6(2785 2786 8410 8770 2757 2783)
6(2787 5866 8434 8794 2758 2785)
6(2788 2789 8099 8459 2120 2760)
6(2790 2791 8123 8483 2762 2788)
6(2792 2793 8147 8507 2764 2790)
6(2794 2795 8171 8531 2766 2792)
6(2796 2797 8195 8555 2768 2794)
6(2798 2799 8219 8579 2770 2796)
6(2800 2801 8243 8603 2772 2798)
6(2802 2803 8267 8627 2774 2800)
6(2804 2805 8291 8651 2776 2802)
6(2806 2807 8315 8675 2778 2804)
6(2808 2809 8339 8699 2780 2806)
6(2810 2811 8363 8723 2782 2808)
6(2812 2813 8387 8747 2784 2810)
6(2814 2815 8411 8771 2786 2812)
6(2816 5867 8435 8795 2787 2814)
6(2817 2818 5712 5727 8796 9156)
6(2819 2820 5713 8820 9180 2817)
6(2821 2822 5714 8844 9204 2819)
6(2823 2824 5715 8868 9228 2821)
6(2825 2826 5716 8892 9252 2823)
6(2827 2828 5717 8916 9276 2825)
6(2829 2830 5718 8940 9300 2827)
6(2831 2832 5719 8964 9324 2829)
6(2833 2834 5720 8988 9348 2831)
6(2835 2836 5721 9012 9372 2833)
6(2837 2838 5722 9036 9396 2835)
6(2839 2840 5723 9060 9420 2837)
6(2841 2842 5724 9084 9444 2839)
6(2843 2844 5725 9108 9468 2841)
6(2845 2846 5726 9132 9492 2843)
6(2847 2848 5728 8797 9157 2818)
6(2849 2850 8821 9181 2820 2847)
6(2851 2852 8845 9205 2822 2849)
6(2853 2854 8869 9229 2824 2851)
6(2855 2856 8893 9253 2826 2853)
6(2857 2858 8917 9277 2828 2855)
6(2859 2860 8941 9301 2830 2857)
6(2861 2862 8965 9325 2832 2859)
6(2863 2864 8989 9349 2834 2861)
6(2865 2866 9013 9373 2836 2863)
6(2867 2868 9037 9397 2838 2865)
6(2869 2870 9061 9421 2840 2867)
6(2871 2872 9085 9445 2842 2869)
6(2873 2874 9109 9469 2844 2871)
6(2875 2876 9133 9493 2845 2873)
6(2877 2878 5729 8798 9158 2848)
6(2879 2880 8822 9182 2850 2877)
6(2881 2882 8846 9206 2852 2879)
6(2883 2884 8870 9230 2854 2881)
6(2885 2886 8894 9254 2856 2883)
6(2887 2888 8918 9278 2858 2885)
6(2889 2890 8942 9302 2860 2887)
6(2891 2892 8966 9326 2862 2889)
6(2893 2894 8990 9350 2864 2891)
6(2895 2896 9014 9374 2866 2893)
6(2897 2898 9038 9398 2868 2895)
6(2899 2900 9062 9422 2870 2897)
6(2901 2902 9086 9446 2872 2899)
6(2903 2904 9110 9470 2874 2901)
6(2905 2906 9134 9494 2875 2903)
6(2907 2908 5730 8799 9159 2878)
6(2909 2910 8823 9183 2880 2907)
6(2911 2912 8847 9207 2882 2909)
6(2913 2914 8871 9231 2884 2911)
6(2915 2916 8895 9255 2886 2913)
6(2917 2918 8919 9279 2888 2915)
6(2919 2920 8943 9303 2890 2917)
6(2921 2922 8967 9327 2892 2919)
6(2923 2924 8991 9351 2894 2921)
6(2925 2926 9015 9375 2896 2923)
6(2927 2928 9039 9399 2898 2925)
6(2929 2930 9063 9423 2900 2927)
6(2931 2932 9087 9447 2902 2929)
6(2933 2934 9111 9471 2904 2931)
6(2935 2936 9135 9495 2905 2933)
6(2937 2938 5731 8800 9160 2908)
6(2939 2940 8824 9184 2910 2937)
6(2941 2942 8848 9208 2912 2939)
6(2943 2944 8872 9232 2914 2941)
6(2945 2946 8896 9256 2916 2943)
6(2947 2948 8920 9280 2918 2945)
6(2949 2950 8944 9304 2920 2947)
6(2951 2952 8968 9328 2922 2949)
6(2953 2954 8992 9352 2924 2951)
6(2955 2956 9016 9376 2926 2953)
6(2957 2958 9040 9400 2928 2955)
6(2959 2960 9064 9424 2930 2957)
6(2961 2962 9088 9448 2932 2959)
6(2963 2964 9112 9472 2934 2961)
6(2965 2966 9136 9496 2935 2963)
6(2967 2968 5732 8801 9161 2938)
6(2969 2970 8825 9185 2940 2967)
6(2971 2972 8849 9209 2942 2969)
6(2973 2974 8873 9233 2944 2971)
6(2975 2976 8897 9257 2946 2973)
6(2977 2978 8921 9281 2948 2975)
6(2979 2980 8945 9305 2950 2977)
6(2981 2982 8969 9329 2952 2979)
6(2983 2984 8993 9353 2954 2981)
6(2985 2986 9017 9377 2956 2983)
6(2987 2988 9041 9401 2958 2985)
6(2989 2990 9065 9425 2960 2987)
6(2991 2992 9089 9449 2962 2989)
6(2993 2994 9113 9473 2964 2991)
6(2995 2996 9137 9497 2965 2993)
6(2997 2998 5733 8802 9162 2968)
6(2999 3000 8826 9186 2970 2997)
6(3001 3002 8850 9210 2972 2999)
6(3003 3004 8874 9234 2974 3001)
6(3005 3006 8898 9258 2976 3003)
6(3007 3008 8922 9282 2978 3005)
6(3009 3010 8946 9306 2980 3007)
6(3011 3012 8970 9330 2982 3009)
6(3013 3014 8994 9354 2984 3011)
6(3015 3016 9018 9378 2986 3013)
6(3017 3018 9042 9402 2988 3015)
6(3019 3020 9066 9426 2990 3017)
6(3021 3022 9090 9450 2992 3019)
6(3023 3024 9114 9474 2994 3021)
6(3025 3026 9138 9498 2995 3023)
6(3027 3028 5734 8803 9163 2998)
6(3029 3030 8827 9187 3000 3027)
6(3031 3032 8851 9211 3002 3029)
6(3033 3034 8875 9235 3004 3031)
6(3035 3036 8899 9259 3006 3033)
6(3037 3038 8923 9283 3008 3035)
6(3039 3040 8947 9307 3010 3037)
6(3041 3042 8971 9331 3012 3039)
6(3043 3044 8995 9355 3014 3041)
6(3045 3046 9019 9379 3016 3043)
6(3047 3048 9043 9403 3018 3045)
6(3049 3050 9067 9427 3020 3047)
6(3051 3052 9091 9451 3022 3049)
6(3053 3054 9115 9475 3024 3051)
6(3055 3056 9139 9499 3025 3053)
6(3057 3058 5735 8804 9164 3028)
6(3059 3060 8828 9188 3030 3057)
6(3061 3062 8852 9212 3032 3059)
6(3063 3064 8876 9236 3034 3061)
6(3065 3066 8900 9260 3036 3063)
6(3067 3068 8924 9284 3038 3065)
6(3069 3070 8948 9308 3040 3067)
6(3071 3072 8972 9332 3042 3069)
6(3073 3074 8996 9356 3044 3071)
6(3075 3076 9020 9380 3046 3073)
6(3077 3078 9044 9404 3048 3075)
6(3079 3080 9068 9428 3050 3077)
6(3081 3082 9092 9452 3052 3079)
6(3083 3084 9116 9476 3054 3081)
6(3085 3086 9140 9500 3055 3083)
6(3087 3088 5736 8805 9165 3058)
6(3089 3090 8829 9189 3060 3087)
6(3091 3092 8853 9213 3062 3089)
6(3093 3094 8877 9237 3064 3091)
6(3095 3096 8901 9261 3066 3093)
6(3097 3098 8925 9285 3068 3095)
6(3099 3100 8949 9309 3070 3097)
6(3101 3102 8973 9333 3072 3099)
6(3103 3104 8997 9357 3074 3101)
6(3105 3106 9021 9381 3076 3103)
6(3107 3108 9045 9405 3078 3105)
6(3109 3110 9069 9429 3080 3107)
6(3111 3112 9093 9453 3082 3109)
6(3113 3114 9117 9477 3084 3111)
6(3115 3116 9141 9501 3085 3113)
6(3117 3118 5737 8806 9166 3088)
6(3119 3120 8830 9190 3090 3117)
6(3121 3122 8854 9214 3092 3119)
6(3123 3124 8878 9238 3094 3121)
6(3125 3126 8902 9262 3096 3123)
6(3127 3128 8926 9286 3098 3125)
6(3129 3130 8950 9310 3100 3127)
6(3131 3132 8974 9334 3102 3129)
6(3133 3134 8998 9358 3104 3131)
6(3135 3136 9022 9382 3106 3133)
6(3137 3138 9046 9406 3108 3135)
6(3139 3140 9070 9430 3110 3137)
6(3141 3142 9094 9454 3112 3139)
6(3143 3144 9118 9478 3114 3141)
6(3145 3146 9142 9502 3115 3143)
6(3147 3148 5738 8807 9167 3118)
6(3149 3150 8831 9191 3120 3147)
6(3151 3152 8855 9215 3122 3149)
6(3153 3154 8879 9239 3124 3151)
6(3155 3156 8903 9263 3126 3153)
6(3157 3158 8927 9287 3128 3155)
6(3159 3160 8951 9311 3130 3157)
6(3161 3162 8975 9335 3132 3159)
6(3163 3164 8999 9359 3134 3161)
6(3165 3166 9023 9383 3136 3163)
6(3167 3168 9047 9407 3138 3165)
6(3169 3170 9071 9431 3140 3167)
6(3171 3172 9095 9455 3142 3169)
6(3173 3174 9119 9479 3144 3171)
6(3175 3176 9143 9503 3145 3173)
6(3177 3178 5739 8808 9168 3148)
6(3179 3180 8832 9192 3150 3177)
6(3181 3182 8856 9216 3152 3179)
6(3183 3184 8880 9240 3154 3181)
6(3185 3186 8904 9264 3156 3183)
6(3187 3188 8928 9288 3158 3185)
6(3189 3190 8952 9312 3160 3187)
6(3191 3192 8976 9336 3162 3189)
6(3193 3194 9000 9360 3164 3191)
6(3195 3196 9024 9384 3166 3193)
6(3197 3198 9048 9408 3168 3195)
6(3199 3200 9072 9432 3170 3197)
6(3201 3202 9096 9456 3172 3199)
6(3203 3204 9120 9480 3174 3201)
6(3205 3206 9144 9504 3175 3203)
6(3207 3208 5740 8809 9169 3178)
6(3209 3210 8833 9193 3180 3207)
6(3211 3212 8857 9217 3182 3209)
6(3213 3214 8881 9241 3184 3211)
6(3215 3216 8905 9265 3186 3213)
6(3217 3218 8929 9289 3188 3215)
6(3219 3220 8953 9313 3190 3217)
6(3221 3222 8977 9337 3192 3219)
6(3223 3224 9001 9361 3194 3221)
6(3225 3226 9025 9385 3196 3223)
6(3227 3228 9049 9409 3198 3225)
6(3229 3230 9073 9433 3200 3227)
6(3231 3232 9097 9457 3202 3229)
6(3233 3234 9121 9481 3204 3231)
6(3235 3236 9145 9505 3205 3233)
6(3237 3238 5741 8810 9170 3208)
6(3239 3240 8834 9194 3210 3237)
6(3241 3242 8858 9218 3212 3239)
6(3243 3244 8882 9242 3214 3241)
6(3245 3246 8906 9266 3216 3243)
6(3247 3248 8930 9290 3218 3245)
6(3249 3250 8954 9314 3220 3247)
6(3251 3252 8978 9338 3222 3249)
6(3253 3254 9002 9362 3224 3251)
6(3255 3256 9026 9386 3226 3253)
6(3257 3258 9050 9410 3228 3255)
6(3259 3260 9074 9434 3230 3257)
6(3261 3262 9098 9458 3232 3259)
6(3263 3264 9122 9482 3234 3261)
6(3265 3266 9146 9506 3235 3263)
6(3267 3268 5742 8811 9171 3238)
6(3269 3270 8835 9195 3240 3267)
6(3271 3272 8859 9219 3242 3269)
6(3273 3274 8883 9243 3244 3271)
6(3275 3276 8907 9267 3246 3273)
6(3277 3278 8931 9291 3248 3275)
6(3279 3280 8955 9315 3250 3277)
6(3281 3282 8979 9339 3252 3279)
6(3283 3284 9003 9363 3254 3281)
6(3285 3286 9027 9387 3256 3283)
6(3287 3288 9051 9411 3258 3285)
6(3289 3290 9075 9435 3260 3287)
6(3291 3292 9099 9459 3262 3289)
6(3293 3294 9123 9483 3264 3291)
6(3295 3296 9147 9507 3265 3293)
6(3297 3298 5743 8812 9172 3268)
6(3299 3300 8836 9196 3270 3297)
6(3301 3302 8860 9220 3272 3299)
6(3303 3304 8884 9244 3274 3301)
6(3305 3306 8908 9268 3276 3303)
6(3307 3308 8932 9292 3278 3305)
6(3309 3310 8956 9316 3280 3307)
6(3311 3312 8980 9340 3282 3309)
6(3313 3314 9004 9364 3284 3311)
6(3315 3316 9028 9388 3286 3313)
6(3317 3318 9052 9412 3288 3315)
6(3319 3320 9076 9436 3290 3317)
6(3321 3322 9100 9460 3292 3319)
6(3323 3324 9124 9484 3294 3321)
6(3325 3326 9148 9508 3295 3323)
6(3327 3328 5744 8813 9173 3298)
6(3329 3330 8837 9197 3300 3327)
6(3331 3332 8861 9221 3302 3329)
6(3333 3334 8885 9245 3304 3331)
6(3335 3336 8909 9269 3306 3333)
6(3337 3338 8933 9293 3308 3335)
6(3339 3340 8957 9317 3310 3337)
6(3341 3342 8981 9341 3312 3339)
6(3343 3344 9005 9365 3314 3341)
6(3345 3346 9029 9389 3316 3343)
6(3347 3348 9053 9413 3318 3345)
6(3349 3350 9077 9437 3320 3347)
6(3351 3352 9101 9461 3322 3349)
6(3353 3354 9125 9485 3324 3351)
6(3355 3356 9149 9509 3325 3353)
6(3357 3358 5745 8814 9174 3328)
6(3359 3360 8838 9198 3330 3357)
6(3361 3362 8862 9222 3332 3359)
6(3363 3364 8886 9246 3334 3361)
6(3365 3366 8910 9270 3336 3363)
6(3367 3368 8934 9294 3338 3365)
6(3369 3370 8958 9318 3340 3367)
6(3371 3372 8982 9342 3342 3369)
6(3373 3374 9006 9366 3344 3371)
6(3375 3376 9030 9390 3346 3373)
6(3377 3378 9054 9414 3348 3375)
6(3379 3380 9078 9438 3350 3377)
6(3381 3382 9102 9462 3352 3379)
6(3383 3384 9126 9486 3354 3381)
6(3385 3386 9150 9510 3355 3383)
6(3387 3388 5746 8815 9175 3358)
6(3389 3390 8839 9199 3360 3387)
6(3391 3392 8863 9223 3362 3389)
6(3393 3394 8887 9247 3364 3391)
6(3395 3396 8911 9271 3366 3393)
6(3397 3398 8935 9295 3368 3395)
6(3399 3400 8959 9319 3370 3397)
6(3401 3402 8983 9343 3372 3399)
6(3403 3404 9007 9367 3374 3401)
6(3405 3406 9031 9391 3376 3403)
6(3407 3408 9055 9415 3378 3405)
6(3409 3410 9079 9439 3380 3407)
6(3411 3412 9103 9463 3382 3409)
6(3413 3414 9127 9487 3384 3411)
6(3415 3416 9151 9511 3385 3413)
6(3417 3418 5747 8816 9176 3388)
6(3419 3420 8840 9200 3390 3417)
6(3421 3422 8864 9224 3392 3419)
6(3423 3424 8888 9248 3394 3421)
6(3425 3426 8912 9272 3396 3423)
6(3427 3428 8936 9296 3398 3425)
6(3429 3430 8960 9320 3400 3427)
6(3431 3432 8984 9344 3402 3429)
6(3433 3434 9008 9368 3404 3431)
6(3435 3436 9032 9392 3406 3433)
6(3437 3438 9056 9416 3408 3435)
6(3439 3440 9080 9440 3410 3437)
6(3441 3442 9104 9464 3412 3439)
6(3443 3444 9128 9488 3414 3441)
6(3445 3446 9152 9512 3415 3443)
6(3447 3448 5748 8817 9177 3418)
6(3449 3450 8841 9201 3420 3447)
6(3451 3452 8865 9225 3422 3449)
6(3453 3454 8889 9249 3424 3451)
6(3455 3456 8913 9273 3426 3453)
6(3457 3458 8937 9297 3428 3455)
6(3459 3460 8961 9321 3430 3457)
6(3461 3462 8985 9345 3432 3459)
6(3463 3464 9009 9369 3434 3461)
6(3465 3466 9033 9393 3436 3463)
6(3467 3468 9057 9417 3438 3465)
6(3469 3470 9081 9441 3440 3467)
6(3471 3472 9105 9465 3442 3469)
6(3473 3474 9129 9489 3444 3471)
6(3475 3476 9153 9513 3445 3473)
6(3477 3478 5749 8818 9178 3448)
6(3479 3480 8842 9202 3450 3477)
6(3481 3482 8866 9226 3452 3479)
6(3483 3484 8890 9250 3454 3481)
6(3485 3486 8914 9274 3456 3483)
6(3487 3488 8938 9298 3458 3485)
6(3489 3490 8962 9322 3460 3487)
6(3491 3492 8986 9346 3462 3489)
6(3493 3494 9010 9370 3464 3491)
6(3495 3496 9034 9394 3466 3493)
6(3497 3498 9058 9418 3468 3495)
6(3499 3500 9082 9442 3470 3497)
6(3501 3502 9106 9466 3472 3499)
6(3503 3504 9130 9490 3474 3501)
6(3505 3506 9154 9514 3475 3503)
6(3507 5750 5751 8819 9179 3478)
6(3508 5752 8843 9203 3480 3507)
6(3509 5753 8867 9227 3482 3508)
6(3510 5754 8891 9251 3484 3509)
6(3511 5755 8915 9275 3486 3510)
6(3512 5756 8939 9299 3488 3511)
6(3513 5757 8963 9323 3490 3512)
6(3514 5758 8987 9347 3492 3513)
6(3515 5759 9011 9371 3494 3514)
6(3516 5760 9035 9395 3496 3515)
6(3517 5761 9059 9419 3498 3516)
6(3518 5762 9083 9443 3500 3517)
6(3519 5763 9107 9467 3502 3518)
6(3520 5764 9131 9491 3504 3519)
6(3521 5765 9155 9515 3505 3520)
6(3522 3523 9516 9876 2789 2846)
6(3524 3525 9540 9900 2791 3522)
6(3526 3527 9564 9924 2793 3524)
6(3528 3529 9588 9948 2795 3526)
6(3530 3531 9612 9972 2797 3528)
6(3532 3533 9636 9996 2799 3530)
6(3534 3535 9660 10020 2801 3532)
6(3536 3537 9684 10044 2803 3534)
6(3538 3539 9708 10068 2805 3536)
6(3540 3541 9732 10092 2807 3538)
6(3542 3543 9756 10116 2809 3540)
6(3544 3545 9780 10140 2811 3542)
6(3546 3547 9804 10164 2813 3544)
6(3548 3549 9828 10188 2815 3546)
6(3550 5868 9852 10212 2816 3548)
6(3551 3552 9517 9877 2876 3523)
6(3553 3554 9541 9901 3525 3551)
6(3555 3556 9565 9925 3527 3553)
6(3557 3558 9589 9949 3529 3555)
6(3559 3560 9613 9973 3531 3557)
6(3561 3562 9637 9997 3533 3559)
6(3563 3564 9661 10021 3535 3561)
6(3565 3566 9685 10045 3537 3563)
6(3567 3568 9709 10069 3539 3565)
6(3569 3570 9733 10093 3541 3567)
6(3571 3572 9757 10117 3543 3569)
6(3573 3574 9781 10141 3545 3571)
6(3575 3576 9805 10165 3547 3573)
6(3577 3578 9829 10189 3549 3575)
6(3579 5869 9853 10213 3550 3577)
6(3580 3581 9518 9878 2906 3552)
6(3582 3583 9542 9902 3554 3580)
6(3584 3585 9566 9926 3556 3582)
6(3586 3587 9590 9950 3558 3584)
6(3588 3589 9614 9974 3560 3586)
6(3590 3591 9638 9998 3562 3588)
6(3592 3593 9662 10022 3564 3590)
6(3594 3595 9686 10046 3566 3592)
6(3596 3597 9710 10070 3568 3594)
6(3598 3599 9734 10094 3570 3596)
6(3600 3601 9758 10118 3572 3598)
6(3602 3603 9782 10142 3574 3600)
6(3604 3605 9806 10166 3576 3602)
6(3606 3607 9830 10190 3578 3604)
6(3608 5870 9854 10214 3579 3606)
6(3609 3610 9519 9879 2936 3581)
6(3611 3612 9543 9903 3583 3609)
6(3613 3614 9567 9927 3585 3611)
6(3615 3616 9591 9951 3587 3613)
6(3617 3618 9615 9975 3589 3615)
6(3619 3620 9639 9999 3591 3617)
6(3621 3622 9663 10023 3593 3619)
6(3623 3624 9687 10047 3595 3621)
6(3625 3626 9711 10071 3597 3623)
6(3627 3628 9735 10095 3599 3625)
6(3629 3630 9759 10119 3601 3627)
6(3631 3632 9783 10143 3603 3629)
6(3633 3634 9807 10167 3605 3631)
6(3635 3636 9831 10191 3607 3633)
6(3637 5871 9855 10215 3608 3635)
6(3638 3639 9520 9880 2966 3610)
6(3640 3641 9544 9904 3612 3638)
6(3642 3643 9568 9928 3614 3640)
6(3644 3645 9592 9952 3616 3642)
6(3646 3647 9616 9976 3618 3644)
6(3648 3649 9640 10000 3620 3646)
6(3650 3651 9664 10024 3622 3648)
6(3652 3653 9688 10048 3624 3650)
6(3654 3655 9712 10072 3626 3652)
6(3656 3657 9736 10096 3628 3654)
6(3658 3659 9760 10120 3630 3656)
6(3660 3661 9784 10144 3632 3658)
6(3662 3663 9808 10168 3634 3660)
6(3664 3665 9832 10192 3636 3662)
6(3666 5872 9856 10216 3637 3664)
6(3667 3668 9521 9881 2996 3639)
6(3669 3670 9545 9905 3641 3667)
6(3671 3672 9569 9929 3643 3669)
6(3673 3674 9593 9953 3645 3671)
6(3675 3676 9617 9977 3647 3673)
6(3677 3678 9641 10001 3649 3675)
6(3679 3680 9665 10025 3651 3677)
6(3681 3682 9689 10049 3653 3679)
6(3683 3684 9713 10073 3655 3681)
6(3685 3686 9737 10097 3657 3683)
6(3687 3688 9761 10121 3659 3685)
6(3689 3690 9785 10145 3661 3687)
6(3691 3692 9809 10169 3663 3689)
6(3693 3694 9833 10193 3665 3691)
6(3695 5873 9857 10217 3666 3693)
6(3696 3697 9522 9882 3026 3668)
6(3698 3699 9546 9906 3670 3696)
6(3700 3701 9570 9930 3672 3698)
6(3702 3703 9594 9954 3674 3700)
6(3704 3705 9618 9978 3676 3702)
6(3706 3707 9642 10002 3678 3704)
6(3708 3709 9666 10026 3680 3706)
6(3710 3711 9690 10050 3682 3708)
6(3712 3713 9714 10074 3684 3710)
6(3714 3715 9738 10098 3686 3712)
6(3716 3717 9762 10122 3688 3714)
6(3718 3719 9786 10146 3690 3716)
6(3720 3721 9810 10170 3692 3718)
6(3722 3723 9834 10194 3694 3720)
6(3724 5874 9858 10218 3695 3722)
6(3725 3726 9523 9883 3056 3697)
6(3727 3728 9547 9907 3699 3725)
6(3729 3730 9571 9931 3701 3727)
6(3731 3732 9595 9955 3703 3729)
6(3733 3734 9619 9979 3705 3731)
6(3735 3736 9643 10003 3707 3733)
6(3737 3738 9667 10027 3709 3735)
6(3739 3740 9691 10051 3711 3737)
6(3741 3742 9715 10075 3713 3739)
6(3743 3744 9739 10099 3715 3741)
6(3745 3746 9763 10123 3717 3743)
6(3747 3748 9787 10147 3719 3745)
6(3749 3750 9811 10171 3721 3747)
6(3751 3752 9835 10195 3723 3749)
6(3753 5875 9859 10219 3724 3751)
6(3754 3755 9524 9884 3086 3726)
6(3756 3757 9548 9908 3728 3754)
6(3758 3759 9572 9932 3730 3756)
6(3760 3761 9596 9956 3732 3758)
6(3762 3763 9620 9980 3734 3760)
6(3764 3765 9644 10004 3736 3762)
6(3766 3767 9668 10028 3738 3764)
6(3768 3769 9692 10052 3740 3766)
6(3770 3771 9716 10076 3742 3768)
6(3772 3773 9740 10100 3744 3770)
6(3774 3775 9764 10124 3746 3772)
6(3776 3777 9788 10148 3748 3774)
6(3778 3779 9812 10172 3750 3776)
6(3780 3781 9836 10196 3752 3778)
6(3782 5876 9860 10220 3753 3780)
6(3783 3784 9525 9885 3116 3755)
6(3785 3786 9549 9909 3757 3783)
6(3787 3788 9573 9933 3759 3785)
6(3789 3790 9597 9957 3761 3787)
6(3791 3792 9621 9981 3763 3789)
6(3793 3794 9645 10005 3765 3791)
6(3795 3796 9669 10029 3767 3793)
6(3797 3798 9693 10053 3769 3795)
6(3799 3800 9717 10077 3771 3797)
6(3801 3802 9741 10101 3773 3799)
6(3803 3804 9765 10125 3775 3801)
6(3805 3806 9789 10149 3777 3803)
6(3807 3808 9813 10173 3779 3805)
6(3809 3810 9837 10197 3781 3807)
6(3811 5877 9861 10221 3782 3809)
6(3812 3813 9526 9886 3146 3784)
6(3814 3815 9550 9910 3786 3812)
6(3816 3817 9574 9934 3788 3814)
6(3818 3819 9598 9958 3790 3816)
6(3820 3821 9622 9982 3792 3818)
6(3822 3823 9646 10006 3794 3820)
6(3824 3825 9670 10030 3796 3822)
6(3826 3827 9694 10054 3798 3824)
6(3828 3829 9718 10078 3800 3826)
6(3830 3831 9742 10102 3802 3828)
6(3832 3833 9766 10126 3804 3830)
6(3834 3835 9790 10150 3806 3832)
6(3836 3837 9814 10174 3808 3834)
6(3838 3839 9838 10198 3810 3836)
6(3840 5878 9862 10222 3811 3838)
6(3841 3842 9527 9887 3176 3813)
6(3843 3844 9551 9911 3815 3841)
6(3845 3846 9575 9935 3817 3843)
6(3847 3848 9599 9959 3819 3845)
6(3849 3850 9623 9983 3821 3847)
6(3851 3852 9647 10007 3823 3849)
6(3853 3854 9671 10031 3825 3851)
6(3855 3856 9695 10055 3827 3853)
6(3857 3858 9719 10079 3829 3855)
6(3859 3860 9743 10103 3831 3857)
6(3861 3862 9767 10127 3833 3859)
6(3863 3864 9791 10151 3835 3861)
6(3865 3866 9815 10175 3837 3863)
6(3867 3868 9839 10199 3839 3865)
6(3869 5879 9863 10223 3840 3867)
6(3870 3871 9528 9888 3206 3842)
6(3872 3873 9552 9912 3844 3870)
6(3874 3875 9576 9936 3846 3872)
6(3876 3877 9600 9960 3848 3874)
6(3878 3879 9624 9984 3850 3876)
6(3880 3881 9648 10008 3852 3878)
6(3882 3883 9672 10032 3854 3880)
6(3884 3885 9696 10056 3856 3882)
6(3886 3887 9720 10080 3858 3884)
6(3888 3889 9744 10104 3860 3886)
6(3890 3891 9768 10128 3862 3888)
6(3892 3893 9792 10152 3864 3890)
6(3894 3895 9816 10176 3866 3892)
6(3896 3897 9840 10200 3868 3894)
6(3898 5880 9864 10224 3869 3896)
6(3899 3900 9529 9889 3236 3871)
6(3901 3902 9553 9913 3873 3899)
6(3903 3904 9577 9937 3875 3901)
6(3905 3906 9601 9961 3877 3903)
6(3907 3908 9625 9985 3879 3905)
6(3909 3910 9649 10009 3881 3907)
6(3911 3912 9673 10033 3883 3909)
6(3913 3914 9697 10057 3885 3911)
6(3915 3916 9721 10081 3887 3913)
6(3917 3918 9745 10105 3889 3915)
6(3919 3920 9769 10129 3891 3917)
6(3921 3922 9793 10153 3893 3919)
6(3923 3924 9817 10177 3895 3921)
6(3925 3926 9841 10201 3897 3923)
6(3927 5881 9865 10225 3898 3925)
6(3928 3929 9530 9890 3266 3900)
6(3930 3931 9554 9914 3902 3928)
6(3932 3933 9578 9938 3904 3930)
6(3934 3935 9602 9962 3906 3932)
6(3936 3937 9626 9986 3908 3934)
6(3938 3939 9650 10010 3910 3936)
6(3940 3941 9674 10034 3912 3938)
6(3942 3943 9698 10058 3914 3940)
6(3944 3945 9722 10082 3916 3942)
6(3946 3947 9746 10106 3918 3944)
6(3948 3949 9770 10130 3920 3946)
6(3950 3951 9794 10154 3922 3948)
6(3952 3953 9818 10178 3924 3950)
6(3954 3955 9842 10202 3926 3952)
6(3956 5882 9866 10226 3927 3954)
6(3957 3958 9531 9891 3296 3929)
6(3959 3960 9555 9915 3931 3957)
6(3961 3962 9579 9939 3933 3959)
6(3963 3964 9603 9963 3935 3961)
6(3965 3966 9627 9987 3937 3963)
6(3967 3968 9651 10011 3939 3965)
6(3969 3970 9675 10035 3941 3967)
6(3971 3972 9699 10059 3943 3969)
6(3973 3974 9723 10083 3945 3971)
6(3975 3976 9747 10107 3947 3973)
6(3977 3978 9771 10131 3949 3975)
6(3979 3980 9795 10155 3951 3977)
6(3981 3982 9819 10179 3953 3979)
6(3983 3984 9843 10203 3955 3981)
6(3985 5883 9867 10227 3956 3983)
6(3986 3987 9532 9892 3326 3958)
6(3988 3989 9556 9916 3960 3986)
6(3990 3991 9580 9940 3962 3988)
6(3992 3993 9604 9964 3964 3990)
6(3994 3995 9628 9988 3966 3992)
6(3996 3997 9652 10012 3968 3994)
6(3998 3999 9676 10036 3970 3996)
6(4000 4001 9700 10060 3972 3998)
6(4002 4003 9724 10084 3974 4000)
6(4004 4005 9748 10108 3976 4002)
6(4006 4007 9772 10132 3978 4004)
6(4008 4009 9796 10156 3980 4006)
6(4010 4011 9820 10180 3982 4008)
6(4012 4013 9844 10204 3984 4010)
6(4014 5884 9868 10228 3985 4012)
6(4015 4016 9533 9893 3356 3987)
6(4017 4018 9557 9917 3989 4015)
6(4019 4020 9581 9941 3991 4017)
6(4021 4022 9605 9965 3993 4019)
6(4023 4024 9629 9989 3995 4021)
6(4025 4026 9653 10013 3997 4023)
6(4027 4028 9677 10037 3999 4025)
6(4029 4030 9701 10061 4001 4027)
6(4031 4032 9725 10085 4003 4029)
6(4033 4034 9749 10109 4005 4031)
6(4035 4036 9773 10133 4007 4033)
6(4037 4038 9797 10157 4009 4035)
6(4039 4040 9821 10181 4011 4037)
6(4041 4042 9845 10205 4013 4039)
6(4043 5885 9869 10229 4014 4041)
6(4044 4045 9534 9894 3386 4016)
6(4046 4047 9558 9918 4018 4044)
6(4048 4049 9582 9942 4020 4046)
6(4050 4051 9606 9966 4022 4048)
6(4052 4053 9630 9990 4024 4050)
6(4054 4055 9654 10014 4026 4052)
6(4056 4057 9678 10038 4028 4054)
6(4058 4059 9702 10062 4030 4056)
6(4060 4061 9726 10086 4032 4058)
6(4062 4063 9750 10110 4034 4060)
6(4064 4065 9774 10134 4036 4062)
6(4066 4067 9798 10158 4038 4064)
6(4068 4069 9822 10182 4040 4066)
6(4070 4071 9846 10206 4042 4068)
6(4072 5886 9870 10230 4043 4070)
6(4073 4074 9535 9895 3416 4045)
6(4075 4076 9559 9919 4047 4073)
6(4077 4078 9583 9943 4049 4075)
6(4079 4080 9607 9967 4051 4077)
6(4081 4082 9631 9991 4053 4079)
6(4083 4084 9655 10015 4055 4081)
6(4085 4086 9679 10039 4057 4083)
6(4087 4088 9703 10063 4059 4085)
6(4089 4090 9727 10087 4061 4087)
6(4091 4092 9751 10111 4063 4089)
6(4093 4094 9775 10135 4065 4091)
6(4095 4096 9799 10159 4067 4093)
6(4097 4098 9823 10183 4069 4095)
6(4099 4100 9847 10207 4071 4097)
6(4101 5887 9871 10231 4072 4099)
6(4102 4103 9536 9896 3446 4074)
6(4104 4105 9560 9920 4076 4102)
6(4106 4107 9584 9944 4078 4104)
6(4108 4109 9608 9968 4080 4106)
6(4110 4111 9632 9992 4082 4108)
6(4112 4113 9656 10016 4084 4110)
6(4114 4115 9680 10040 4086 4112)
6(4116 4117 9704 10064 4088 4114)
6(4118 4119 9728 10088 4090 4116)
6(4120 4121 9752 10112 4092 4118)
6(4122 4123 9776 10136 4094 4120)
6(4124 4125 9800 10160 4096 4122)
6(4126 4127 9824 10184 4098 4124)
6(4128 4129 9848 10208 4100 4126)
6(4130 5888 9872 10232 4101 4128)
6(4131 4132 9537 9897 3476 4103)
6(4133 4134 9561 9921 4105 4131)
6(4135 4136 9585 9945 4107 4133)
6(4137 4138 9609 9969 4109 4135)
6(4139 4140 9633 9993 4111 4137)
6(4141 4142 9657 10017 4113 4139)
6(4143 4144 9681 10041 4115 4141)
6(4145 4146 9705 10065 4117 4143)
6(4147 4148 9729 10089 4119 4145)
6(4149 4150 9753 10113 4121 4147)
6(4151 4152 9777 10137 4123 4149)
6(4153 4154 9801 10161 4125 4151)
6(4155 4156 9825 10185 4127 4153)
6(4157 4158 9849 10209 4129 4155)
6(4159 5889 9873 10233 4130 4157)
6(4160 4161 9538 9898 3506 4132)
6(4162 4163 9562 9922 4134 4160)
6(4164 4165 9586 9946 4136 4162)
6(4166 4167 9610 9970 4138 4164)
6(4168 4169 9634 9994 4140 4166)
6(4170 4171 9658 10018 4142 4168)
6(4172 4173 9682 10042 4144 4170)
6(4174 4175 9706 10066 4146 4172)
6(4176 4177 9730 10090 4148 4174)
6(4178 4179 9754 10114 4150 4176)
6(4180 4181 9778 10138 4152 4178)
6(4182 4183 9802 10162 4154 4180)
6(4184 4185 9826 10186 4156 4182)
6(4186 4187 9850 10210 4158 4184)
6(4188 5890 9874 10234 4159 4186)
6(4189 4190 9539 9899 3521 4161)
6(4191 4192 9563 9923 4163 4189)
6(4193 4194 9587 9947 4165 4191)
6(4195 4196 9611 9971 4167 4193)
6(4197 4198 9635 9995 4169 4195)
6(4199 4200 9659 10019 4171 4197)
6(4201 4202 9683 10043 4173 4199)
6(4203 4204 9707 10067 4175 4201)
6(4205 4206 9731 10091 4177 4203)
6(4207 4208 9755 10115 4179 4205)
6(4209 4210 9779 10139 4181 4207)
6(4211 4212 9803 10163 4183 4209)
6(4213 4214 9827 10187 4185 4211)
6(4215 4216 9851 10211 4187 4213)
6(4217 5891 9875 10235 4188 4215)
6(4218 4219 5766 5781 10236 10596)
6(4220 4221 5767 10260 10620 4218)
6(4222 4223 5768 10284 10644 4220)
6(4224 4225 5769 10308 10668 4222)
6(4226 4227 5770 10332 10692 4224)
6(4228 4229 5771 10356 10716 4226)
6(4230 4231 5772 10380 10740 4228)
6(4232 4233 5773 10404 10764 4230)
6(4234 4235 5774 10428 10788 4232)
6(4236 4237 5775 10452 10812 4234)
6(4238 4239 5776 10476 10836 4236)
6(4240 4241 5777 10500 10860 4238)
6(4242 4243 5778 10524 10884 4240)
6(4244 4245 5779 10548 10908 4242)
6(4246 4247 5780 10572 10932 4244)
6(4248 4249 5782 10237 10597 4219)
6(4250 4251 10261 10621 4221 4248)
6(4252 4253 10285 10645 4223 4250)
6(4254 4255 10309 10669 4225 4252)
6(4256 4257 10333 10693 4227 4254)
6(4258 4259 10357 10717 4229 4256)
6(4260 4261 10381 10741 4231 4258)
6(4262 4263 10405 10765 4233 4260)
6(4264 4265 10429 10789 4235 4262)
6(4266 4267 10453 10813 4237 4264)
6(4268 4269 10477 10837 4239 4266)
6(4270 4271 10501 10861 4241 4268)
6(4272 4273 10525 10885 4243 4270)
6(4274 4275 10549 10909 4245 4272)
6(4276 4277 10573 10933 4246 4274)
6(4278 4279 5783 10238 10598 4249)
6(4280 4281 10262 10622 4251 4278)
6(4282 4283 10286 10646 4253 4280)
6(4284 4285 10310 10670 4255 4282)
6(4286 4287 10334 10694 4257 4284)
6(4288 4289 10358 10718 4259 4286)
6(4290 4291 10382 10742 4261 4288)
6(4292 4293 10406 10766 4263 4290)
6(4294 4295 10430 10790 4265 4292)
6(4296 4297 10454 10814 4267 4294)
6(4298 4299 10478 10838 4269 4296)
6(4300 4301 10502 10862 4271 4298)
6(4302 4303 10526 10886 4273 4300)
6(4304 4305 10550 10910 4275 4302)
6(4306 4307 10574 10934 4276 4304)
6(4308 4309 5784 10239 10599 4279)
6(4310 4311 10263 10623 4281 4308)
6(4312 4313 10287 10647 4283 4310)
6(4314 4315 10311 10671 4285 4312)
6(4316 4317 10335 10695 4287 4314)
6(4318 4319 10359 10719 4289 4316)
6(4320 4321 10383 10743 4291 4318)
6(4322 4323 10407 10767 4293 4320)
6(4324 4325 10431 10791 4295 4322)
6(4326 4327 10455 10815 4297 4324)
6(4328 4329 10479 10839 4299 4326)
6(4330 4331 10503 10863 4301 4328)
6(4332 4333 10527 10887 4303 4330)
6(4334 4335 10551 10911 4305 4332)
6(4336 4337 10575 10935 4306 4334)
6(4338 4339 5785 10240 10600 4309)
6(4340 4341 10264 10624 4311 4338)
6(4342 4343 10288 10648 4313 4340)
6(4344 4345 10312 10672 4315 4342)
6(4346 4347 10336 10696 4317 4344)
6(4348 4349 10360 10720 4319 4346)
6(4350 4351 10384 10744 4321 4348)
6(4352 4353 10408 10768 4323 4350)
6(4354 4355 10432 10792 4325 4352)
6(4356 4357 10456 10816 4327 4354)
6(4358 4359 10480 10840 4329 4356)
6(4360 4361 10504 10864 4331 4358)
6(4362 4363 10528 10888 4333 4360)
6(4364 4365 10552 10912 4335 4362)
6(4366 4367 10576 10936 4336 4364)
6(4368 4369 5786 10241 10601 4339)
6(4370 4371 10265 10625 4341 4368)
6(4372 4373 10289 10649 4343 4370)
6(4374 4375 10313 10673 4345 4372)
6(4376 4377 10337 10697 4347 4374)
6(4378 4379 10361 10721 4349 4376)
6(4380 4381 10385 10745 4351 4378)
6(4382 4383 10409 10769 4353 4380)
6(4384 4385 10433 10793 4355 4382)
6(4386 4387 10457 10817 4357 4384)
6(4388 4389 10481 10841 4359 4386)
6(4390 4391 10505 10865 4361 4388)
6(4392 4393 10529 10889 4363 4390)
6(4394 4395 10553 10913 4365 4392)
6(4396 4397 10577 10937 4366 4394)
6(4398 4399 5787 10242 10602 4369)
6(4400 4401 10266 10626 4371 4398)
6(4402 4403 10290 10650 4373 4400)
6(4404 4405 10314 10674 4375 4402)
6(4406 4407 10338 10698 4377 4404)
6(4408 4409 10362 10722 4379 4406)
6(4410 4411 10386 10746 4381 4408)
6(4412 4413 10410 10770 4383 4410)
6(4414 4415 10434 10794 4385 4412)
6(4416 4417 10458 10818 4387 4414)
6(4418 4419 10482 10842 4389 4416)
6(4420 4421 10506 10866 4391 4418)
6(4422 4423 10530 10890 4393 4420)
6(4424 4425 10554 10914 4395 4422)
6(4426 4427 10578 10938 4396 4424)
6(4428 4429 5788 10243 10603 4399)
6(4430 4431 10267 10627 4401 4428)
6(4432 4433 10291 10651 4403 4430)
6(4434 4435 10315 10675 4405 4432)
6(4436 4437 10339 10699 4407 4434)
6(4438 4439 10363 10723 4409 4436)
6(4440 4441 10387 10747 4411 4438)
6(4442 4443 10411 10771 4413 4440)
6(4444 4445 10435 10795 4415 4442)
6(4446 4447 10459 10819 4417 4444)
6(4448 4449 10483 10843 4419 4446)
6(4450 4451 10507 10867 4421 4448)
6(4452 4453 10531 10891 4423 4450)
6(4454 4455 10555 10915 4425 4452)
6(4456 4457 10579 10939 4426 4454)
6(4458 4459 5789 10244 10604 4429)
6(4460 4461 10268 10628 4431 4458)
6(4462 4463 10292 10652 4433 4460)
6(4464 4465 10316 10676 4435 4462)
6(4466 4467 10340 10700 4437 4464)
6(4468 4469 10364 10724 4439 4466)
6(4470 4471 10388 10748 4441 4468)
6(4472 4473 10412 10772 4443 4470)
6(4474 4475 10436 10796 4445 4472)
6(4476 4477 10460 10820 4447 4474)
6(4478 4479 10484 10844 4449 4476)
6(4480 4481 10508 10868 4451 4478)
6(4482 4483 10532 10892 4453 4480)
6(4484 4485 10556 10916 4455 4482)
6(4486 4487 10580 10940 4456 4484)
6(4488 4489 5790 10245 10605 4459)
6(4490 4491 10269 10629 4461 4488)
6(4492 4493 10293 10653 4463 4490)
6(4494 4495 10317 10677 4465 4492)
6(4496 4497 10341 10701 4467 4494)
6(4498 4499 10365 10725 4469 4496)
6(4500 4501 10389 10749 4471 4498)
6(4502 4503 10413 10773 4473 4500)
6(4504 4505 10437 10797 4475 4502)
6(4506 4507 10461 10821 4477 4504)
6(4508 4509 10485 10845 4479 4506)
6(4510 4511 10509 10869 4481 4508)
6(4512 4513 10533 10893 4483 4510)
6(4514 4515 10557 10917 4485 4512)
6(4516 4517 10581 10941 4486 4514)
6(4518 4519 5791 10246 10606 4489)
6(4520 4521 10270 10630 4491 4518)
6(4522 4523 10294 10654 4493 4520)
6(4524 4525 10318 10678 4495 4522)
6(4526 4527 10342 10702 4497 4524)
6(4528 4529 10366 10726 4499 4526)
6(4530 4531 10390 10750 4501 4528)
6(4532 4533 10414 10774 4503 4530)
6(4534 4535 10438 10798 4505 4532)
6(4536 4537 10462 10822 4507 4534)
6(4538 4539 10486 10846 4509 4536)
6(4540 4541 10510 10870 4511 4538)
6(4542 4543 10534 10894 4513 4540)
6(4544 4545 10558 10918 4515 4542)
6(4546 4547 10582 10942 4516 4544)
6(4548 4549 5792 10247 10607 4519)
6(4550 4551 10271 10631 4521 4548)
6(4552 4553 10295 10655 4523 4550)
6(4554 4555 10319 10679 4525 4552)
6(4556 4557 10343 10703 4527 4554)
6(4558 4559 10367 10727 4529 4556)
6(4560 4561 10391 10751 4531 4558)
6(4562 4563 10415 10775 4533 4560)
6(4564 4565 10439 10799 4535 4562)
6(4566 4567 10463 10823 4537 4564)
6(4568 4569 10487 10847 4539 4566)
6(4570 4571 10511 10871 4541 4568)
6(4572 4573 10535 10895 4543 4570)
6(4574 4575 10559 10919 4545 4572)
6(4576 4577 10583 10943 4546 4574)
6(4578 4579 5793 10248 10608 4549)
6(4580 4581 10272 10632 4551 4578)
6(4582 4583 10296 10656 4553 4580)
6(4584 4585 10320 10680 4555 4582)
6(4586 4587 10344 10704 4557 4584)
6(4588 4589 10368 10728 4559 4586)
6(4590 4591 10392 10752 4561 4588)
6(4592 4593 10416 10776 4563 4590)
6(4594 4595 10440 10800 4565 4592)
6(4596 4597 10464 10824 4567 4594)
6(4598 4599 10488 10848 4569 4596)
6(4600 4601 10512 10872 4571 4598)
6(4602 4603 10536 10896 4573 4600)
6(4604 4605 10560 10920 4575 4602)
6(4606 4607 10584 10944 4576 4604)
6(4608 4609 5794 10249 10609 4579)
6(4610 4611 10273 10633 4581 4608)
6(4612 4613 10297 10657 4583 4610)
6(4614 4615 10321 10681 4585 4612)
6(4616 4617 10345 10705 4587 4614)
6(4618 4619 10369 10729 4589 4616)
6(4620 4621 10393 10753 4591 4618)
6(4622 4623 10417 10777 4593 4620)
6(4624 4625 10441 10801 4595 4622)
6(4626 4627 10465 10825 4597 4624)
6(4628 4629 10489 10849 4599 4626)
6(4630 4631 10513 10873 4601 4628)
6(4632 4633 10537 10897 4603 4630)
6(4634 4635 10561 10921 4605 4632)
6(4636 4637 10585 10945 4606 4634)
6(4638 4639 5795 10250 10610 4609)
6(4640 4641 10274 10634 4611 4638)
6(4642 4643 10298 10658 4613 4640)
6(4644 4645 10322 10682 4615 4642)
6(4646 4647 10346 10706 4617 4644)
6(4648 4649 10370 10730 4619 4646)
6(4650 4651 10394 10754 4621 4648)
6(4652 4653 10418 10778 4623 4650)
6(4654 4655 10442 10802 4625 4652)
6(4656 4657 10466 10826 4627 4654)
6(4658 4659 10490 10850 4629 4656)
6(4660 4661 10514 10874 4631 4658)
6(4662 4663 10538 10898 4633 4660)
6(4664 4665 10562 10922 4635 4662)
6(4666 4667 10586 10946 4636 4664)
6(4668 4669 5796 10251 10611 4639)
6(4670 4671 10275 10635 4641 4668)
6(4672 4673 10299 10659 4643 4670)
6(4674 4675 10323 10683 4645 4672)
6(4676 4677 10347 10707 4647 4674)
6(4678 4679 10371 10731 4649 4676)
6(4680 4681 10395 10755 4651 4678)
6(4682 4683 10419 10779 4653 4680)
6(4684 4685 10443 10803 4655 4682)
6(4686 4687 10467 10827 4657 4684)
6(4688 4689 10491 10851 4659 4686)
6(4690 4691 10515 10875 4661 4688)
6(4692 4693 10539 10899 4663 4690)
6(4694 4695 10563 10923 4665 4692)
6(4696 4697 10587 10947 4666 4694)
6(4698 4699 5797 10252 10612 4669)
6(4700 4701 10276 10636 4671 4698)
6(4702 4703 10300 10660 4673 4700)
6(4704 4705 10324 10684 4675 4702)
6(4706 4707 10348 10708 4677 4704)
6(4708 4709 10372 10732 4679 4706)
6(4710 4711 10396 10756 4681 4708)
6(4712 4713 10420 10780 4683 4710)
6(4714 4715 10444 10804 4685 4712)
6(4716 4717 10468 10828 4687 4714)
6(4718 4719 10492 10852 4689 4716)
6(4720 4721 10516 10876 4691 4718)
6(4722 4723 10540 10900 4693 4720)
6(4724 4725 10564 10924 4695 4722)
6(4726 4727 10588 10948 4696 4724)
6(4728 4729 5798 10253 10613 4699)
6(4730 4731 10277 10637 4701 4728)
6(4732 4733 10301 10661 4703 4730)
6(4734 4735 10325 10685 4705 4732)
6(4736 4737 10349 10709 4707 4734)
6(4738 4739 10373 10733 4709 4736)
6(4740 4741 10397 10757 4711 4738)
6(4742 4743 10421 10781 4713 4740)
6(4744 4745 10445 10805 4715 4742)
6(4746 4747 10469 10829 4717 4744)
6(4748 4749 10493 10853 4719 4746)
6(4750 4751 10517 10877 4721 4748)
6(4752 4753 10541 10901 4723 4750)
6(4754 4755 10565 10925 4725 4752)
6(4756 4757 10589 10949 4726 4754)
6(4758 4759 5799 10254 10614 4729)
6(4760 4761 10278 10638 4731 4758)
6(4762 4763 10302 10662 4733 4760)
6(4764 4765 10326 10686 4735 4762)
6(4766 4767 10350 10710 4737 4764)
6(4768 4769 10374 10734 4739 4766)
6(4770 4771 10398 10758 4741 4768)
6(4772 4773 10422 10782 4743 4770)
6(4774 4775 10446 10806 4745 4772)
6(4776 4777 10470 10830 4747 4774)
6(4778 4779 10494 10854 4749 4776)
6(4780 4781 10518 10878 4751 4778)
6(4782 4783 10542 10902 4753 4780)
6(4784 4785 10566 10926 4755 4782)
6(4786 4787 10590 10950 4756 4784)
6(4788 4789 5800 10255 10615 4759)
6(4790 4791 10279 10639 4761 4788)
6(4792 4793 10303 10663 4763 4790)
6(4794 4795 10327 10687 4765 4792)
6(4796 4797 10351 10711 4767 4794)
6(4798 4799 10375 10735 4769 4796)
6(4800 4801 10399 10759 4771 4798)
6(4802 4803 10423 10783 4773 4800)
6(4804 4805 10447 10807 4775 4802)
6(4806 4807 10471 10831 4777 4804)
6(4808 4809 10495 10855 4779 4806)
6(4810 4811 10519 10879 4781 4808)
6(4812 4813 10543 10903 4783 4810)
6(4814 4815 10567 10927 4785 4812)
6(4816 4817 10591 10951 4786 4814)
6(4818 4819 5801 10256 10616 4789)
6(4820 4821 10280 10640 4791 4818)
6(4822 4823 10304 10664 4793 4820)
6(4824 4825 10328 10688 4795 4822)
6(4826 4827 10352 10712 4797 4824)
6(4828 4829 10376 10736 4799 4826)
6(4830 4831 10400 10760 4801 4828)
6(4832 4833 10424 10784 4803 4830)
6(4834 4835 10448 10808 4805 4832)
6(4836 4837 10472 10832 4807 4834)
6(4838 4839 10496 10856 4809 4836)
6(4840 4841 10520 10880 4811 4838)
6(4842 4843 10544 10904 4813 4840)
6(4844 4845 10568 10928 4815 4842)
6(4846 4847 10592 10952 4816 4844)
6(4848 4849 5802 10257 10617 4819)
6(4850 4851 10281 10641 4821 4848)
6(4852 4853 10305 10665 4823 4850)
6(4854 4855 10329 10689 4825 4852)
6(4856 4857 10353 10713 4827 4854)
6(4858 4859 10377 10737 4829 4856)
6(4860 4861 10401 10761 4831 4858)
6(4862 4863 10425 10785 4833 4860)
6(4864 4865 10449 10809 4835 4862)
6(4866 4867 10473 10833 4837 4864)
6(4868 4869 10497 10857 4839 4866)
6(4870 4871 10521 10881 4841 4868)
6(4872 4873 10545 10905 4843 4870)
6(4874 4875 10569 10929 4845 4872)
6(4876 4877 10593 10953 4846 4874)
6(4878 4879 5803 10258 10618 4849)
6(4880 4881 10282 10642 4851 4878)
6(4882 4883 10306 10666 4853 4880)
6(4884 4885 10330 10690 4855 4882)
6(4886 4887 10354 10714 4857 4884)
6(4888 4889 10378 10738 4859 4886)
6(4890 4891 10402 10762 4861 4888)
6(4892 4893 10426 10786 4863 4890)
6(4894 4895 10450 10810 4865 4892)
6(4896 4897 10474 10834 4867 4894)
6(4898 4899 10498 10858 4869 4896)
6(4900 4901 10522 10882 4871 4898)
6(4902 4903 10546 10906 4873 4900)
6(4904 4905 10570 10930 4875 4902)
6(4906 4907 10594 10954 4876 4904)
6(4908 5804 5805 10259 10619 4879)
6(4909 5806 10283 10643 4881 4908)
6(4910 5807 10307 10667 4883 4909)
6(4911 5808 10331 10691 4885 4910)
6(4912 5809 10355 10715 4887 4911)
6(4913 5810 10379 10739 4889 4912)
6(4914 5811 10403 10763 4891 4913)
6(4915 5812 10427 10787 4893 4914)
6(4916 5813 10451 10811 4895 4915)
6(4917 5814 10475 10835 4897 4916)
6(4918 5815 10499 10859 4899 4917)
6(4919 5816 10523 10883 4901 4918)
6(4920 5817 10547 10907 4903 4919)
6(4921 5818 10571 10931 4905 4920)
6(4922 5819 10595 10955 4906 4921)
6(4923 4924 10956 11316 4190 4247)
6(4925 4926 10980 11340 4192 4923)
6(4927 4928 11004 11364 4194 4925)
6(4929 4930 11028 11388 4196 4927)
6(4931 4932 11052 11412 4198 4929)
6(4933 4934 11076 11436 4200 4931)
6(4935 4936 11100 11460 4202 4933)
6(4937 4938 11124 11484 4204 4935)
6(4939 4940 11148 11508 4206 4937)
6(4941 4942 11172 11532 4208 4939)
6(4943 4944 11196 11556 4210 4941)
6(4945 4946 11220 11580 4212 4943)
6(4947 4948 11244 11604 4214 4945)
6(4949 4950 11268 11628 4216 4947)
6(4951 5892 11292 11652 4217 4949)
6(4952 4953 10957 11317 4277 4924)
6(4954 4955 10981 11341 4926 4952)
6(4956 4957 11005 11365 4928 4954)
6(4958 4959 11029 11389 4930 4956)
6(4960 4961 11053 11413 4932 4958)
6(4962 4963 11077 11437 4934 4960)
6(4964 4965 11101 11461 4936 4962)
6(4966 4967 11125 11485 4938 4964)
6(4968 4969 11149 11509 4940 4966)
6(4970 4971 11173 11533 4942 4968)
6(4972 4973 11197 11557 4944 4970)
6(4974 4975 11221 11581 4946 4972)
6(4976 4977 11245 11605 4948 4974)
6(4978 4979 11269 11629 4950 4976)
6(4980 5893 11293 11653 4951 4978)
6(4981 4982 10958 11318 4307 4953)
6(4983 4984 10982 11342 4955 4981)
6(4985 4986 11006 11366 4957 4983)
6(4987 4988 11030 11390 4959 4985)
6(4989 4990 11054 11414 4961 4987)
6(4991 4992 11078 11438 4963 4989)
6(4993 4994 11102 11462 4965 4991)
6(4995 4996 11126 11486 4967 4993)
6(4997 4998 11150 11510 4969 4995)
6(4999 5000 11174 11534 4971 4997)
6(5001 5002 11198 11558 4973 4999)
6(5003 5004 11222 11582 4975 5001)
6(5005 5006 11246 11606 4977 5003)
6(5007 5008 11270 11630 4979 5005)
6(5009 5894 11294 11654 4980 5007)
6(5010 5011 10959 11319 4337 4982)
6(5012 5013 10983 11343 4984 5010)
6(5014 5015 11007 11367 4986 5012)
6(5016 5017 11031 11391 4988 5014)
6(5018 5019 11055 11415 4990 5016)
6(5020 5021 11079 11439 4992 5018)
6(5022 5023 11103 11463 4994 5020)
6(5024 5025 11127 11487 4996 5022)
6(5026 5027 11151 11511 4998 5024)
6(5028 5029 11175 11535 5000 5026)
6(5030 5031 11199 11559 5002 5028)
6(5032 5033 11223 11583 5004 5030)
6(5034 5035 11247 11607 5006 5032)
6(5036 5037 11271 11631 5008 5034)
6(5038 5895 11295 11655 5009 5036)
6(5039 5040 10960 11320 4367 5011)
6(5041 5042 10984 11344 5013 5039)
6(5043 5044 11008 11368 5015 5041)
6(5045 5046 11032 11392 5017 5043)
6(5047 5048 11056 11416 5019 5045)
6(5049 5050 11080 11440 5021 5047)
6(5051 5052 11104 11464 5023 5049)
6(5053 5054 11128 11488 5025 5051)
6(5055 5056 11152 11512 5027 5053)
6(5057 5058 11176 11536 5029 5055)
6(5059 5060 11200 11560 5031 5057)
6(5061 5062 11224 11584 5033 5059)
6(5063 5064 11248 11608 5035 5061)
6(5065 5066 11272 11632 5037 5063)
6(5067 5896 11296 11656 5038 5065)
6(5068 5069 10961 11321 4397 5040)
6(5070 5071 10985 11345 5042 5068)
6(5072 5073 11009 11369 5044 5070)
6(5074 5075 11033 11393 5046 5072)
6(5076 5077 11057 11417 5048 5074)
6(5078 5079 11081 11441 5050 5076)
6(5080 5081 11105 11465 5052 5078)
6(5082 5083 11129 11489 5054 5080)
6(5084 5085 11153 11513 5056 5082)
6(5086 5087 11177 11537 5058 5084)
6(5088 5089 11201 11561 5060 5086)
6(5090 5091 11225 11585 5062 5088)
6(5092 5093 11249 11609 5064 5090)
6(5094 5095 11273 11633 5066 5092)
6(5096 5897 11297 11657 5067 5094)
6(5097 5098 10962 11322 4427 5069)
6(5099 5100 10986 11346 5071 5097)
6(5101 5102 11010 11370 5073 5099)
6(5103 5104 11034 11394 5075 5101)
6(5105 5106 11058 11418 5077 5103)
6(5107 5108 11082 11442 5079 5105)
6(5109 5110 11106 11466 5081 5107)
6(5111 5112 11130 11490 5083 5109)
6(5113 5114 11154 11514 5085 5111)
6(5115 5116 11178 11538 5087 5113)
6(5117 5118 11202 11562 5089 5115)
6(5119 5120 11226 11586 5091 5117)
6(5121 5122 11250 11610 5093 5119)
6(5123 5124 11274 11634 5095 5121)
6(5125 5898 11298 11658 5096 5123)
6(5126 5127 10963 11323 4457 5098)
6(5128 5129 10987 11347 5100 5126)
6(5130 5131 11011 11371 5102 5128)
6(5132 5133 11035 11395 5104 5130)
6(5134 5135 11059 11419 5106 5132)
6(5136 5137 11083 11443 5108 5134)
6(5138 5139 11107 11467 5110 5136)
6(5140 5141 11131 11491 5112 5138)
6(5142 5143 11155 11515 5114 5140)
6(5144 5145 11179 11539 5116 5142)
6(5146 5147 11203 11563 5118 5144)
6(5148 5149 11227 11587 5120 5146)
6(5150 5151 11251 11611 5122 5148)
6(5152 5153 11275 11635 5124 5150)
6(5154 5899 11299 11659 5125 5152)
6(5155 5156 10964 11324 4487 5127)
6(5157 5158 10988 11348 5129 5155)
6(5159 5160 11012 11372 5131 5157)
6(5161 5162 11036 11396 5133 5159)
6(5163 5164 11060 11420 5135 5161)
6(5165 5166 11084 11444 5137 5163)
6(5167 5168 11108 11468 5139 5165)
6(5169 5170 11132 11492 5141 5167)
6(5171 5172 11156 11516 5143 5169)
6(5173 5174 11180 11540 5145 5171)
6(5175 5176 11204 11564 5147 5173)
6(5177 5178 11228 11588 5149 5175)
6(5179 5180 11252 11612 5151 5177)
6(5181 5182 11276 11636 5153 5179)
6(5183 5900 11300 11660 5154 5181)
6(5184 5185 10965 11325 4517 5156)
6(5186 5187 10989 11349 5158 5184)
6(5188 5189 11013 11373 5160 5186)
6(5190 5191 11037 11397 5162 5188)
6(5192 5193 11061 11421 5164 5190)
6(5194 5195 11085 11445 5166 5192)
6(5196 5197 11109 11469 5168 5194)
6(5198 5199 11133 11493 5170 5196)
6(5200 5201 11157 11517 5172 5198)
6(5202 5203 11181 11541 5174 5200)
6(5204 5205 11205 11565 5176 5202)
6(5206 5207 11229 11589 5178 5204)
6(5208 5209 11253 11613 5180 5206)
6(5210 5211 11277 11637 5182 5208)
6(5212 5901 11301 11661 5183 5210)
6(5213 5214 10966 11326 4547 5185)
6(5215 5216 10990 11350 5187 5213)
6(5217 5218 11014 11374 5189 5215)
6(5219 5220 11038 11398 5191 5217)
6(5221 5222 11062 11422 5193 5219)
6(5223 5224 11086 11446 5195 5221)
6(5225 5226 11110 11470 5197 5223)
6(5227 5228 11134 11494 5199 5225)
6(5229 5230 11158 11518 5201 5227)
6(5231 5232 11182 11542 5203 5229)
6(5233 5234 11206 11566 5205 5231)
6(5235 5236 11230 11590 5207 5233)
6(5237 5238 11254 11614 5209 5235)
6(5239 5240 11278 11638 5211 5237)
6(5241 5902 11302 11662 5212 5239)
6(5242 5243 10967 11327 4577 5214)
6(5244 5245 10991 11351 5216 5242)
6(5246 5247 11015 11375 5218 5244)
6(5248 5249 11039 11399 5220 5246)
6(5250 5251 11063 11423 5222 5248)
6(5252 5253 11087 11447 5224 5250)
6(5254 5255 11111 11471 5226 5252)
6(5256 5257 11135 11495 5228 5254)
6(5258 5259 11159 11519 5230 5256)
6(5260 5261 11183 11543 5232 5258)
6(5262 5263 11207 11567 5234 5260)
6(5264 5265 11231 11591 5236 5262)
6(5266 5267 11255 11615 5238 5264)
6(5268 5269 11279 11639 5240 5266)
6(5270 5903 11303 11663 5241 5268)
6(5271 5272 10968 11328 4607 5243)
6(5273 5274 10992 11352 5245 5271)
6(5275 5276 11016 11376 5247 5273)
6(5277 5278 11040 11400 5249 5275)
6(5279 5280 11064 11424 5251 5277)
6(5281 5282 11088 11448 5253 5279)
6(5283 5284 11112 11472 5255 5281)
6(5285 5286 11136 11496 5257 5283)
6(5287 5288 11160 11520 5259 5285)
6(5289 5290 11184 11544 5261 5287)
6(5291 5292 11208 11568 5263 5289)
6(5293 5294 11232 11592 5265 5291)
6(5295 5296 11256 11616 5267 5293)
6(5297 5298 11280 11640 5269 5295)
6(5299 5904 11304 11664 5270 5297)
6(5300 5301 10969 11329 4637 5272)
6(5302 5303 10993 11353 5274 5300)
6(5304 5305 11017 11377 5276 5302)
6(5306 5307 11041 11401 5278 5304)
6(5308 5309 11065 11425 5280 5306)
6(5310 5311 11089 11449 5282 5308)
6(5312 5313 11113 11473 5284 5310)
6(5314 5315 11137 11497 5286 5312)
6(5316 5317 11161 11521 5288 5314)
6(5318 5319 11185 11545 5290 5316)
6(5320 5321 11209 11569 5292 5318)
6(5322 5323 11233 11593 5294 5320)
6(5324 5325 11257 11617 5296 5322)
6(5326 5327 11281 11641 5298 5324)
6(5328 5905 11305 11665 5299 5326)
6(5329 5330 10970 11330 4667 5301)
6(5331 5332 10994 11354 5303 5329)
6(5333 5334 11018 11378 5305 5331)
6(5335 5336 11042 11402 5307 5333)
6(5337 5338 11066 11426 5309 5335)
6(5339 5340 11090 11450 5311 5337)
6(5341 5342 11114 11474 5313 5339)
6(5343 5344 11138 11498 5315 5341)
6(5345 5346 11162 11522 5317 5343)
6(5347 5348 11186 11546 5319 5345)
6(5349 5350 11210 11570 5321 5347)
6(5351 5352 11234 11594 5323 5349)
6(5353 5354 11258 11618 5325 5351)
6(5355 5356 11282 11642 5327 5353)
6(5357 5906 11306 11666 5328 5355)
6(5358 5359 10971 11331 4697 5330)
6(5360 5361 10995 11355 5332 5358)
6(5362 5363 11019 11379 5334 5360)
6(5364 5365 11043 11403 5336 5362)
6(5366 5367 11067 11427 5338 5364)
6(5368 5369 11091 11451 5340 5366)
6(5370 5371 11115 11475 5342 5368)
6(5372 5373 11139 11499 5344 5370)
6(5374 5375 11163 11523 5346 5372)
6(5376 5377 11187 11547 5348 5374)
6(5378 5379 11211 11571 5350 5376)
6(5380 5381 11235 11595 5352 5378)
6(5382 5383 11259 11619 5354 5380)
6(5384 5385 11283 11643 5356 5382)
6(5386 5907 11307 11667 5357 5384)
6(5387 5388 10972 11332 4727 5359)
6(5389 5390 10996 11356 5361 5387)
6(5391 5392 11020 11380 5363 5389)
6(5393 5394 11044 11404 5365 5391)
6(5395 5396 11068 11428 5367 5393)
6(5397 5398 11092 11452 5369 5395)
6(5399 5400 11116 11476 5371 5397)
6(5401 5402 11140 11500 5373 5399)
6(5403 5404 11164 11524 5375 5401)
6(5405 5406 11188 11548 5377 5403)
6(5407 5408 11212 11572 5379 5405)
6(5409 5410 11236 11596 5381 5407)
6(5411 5412 11260 11620 5383 5409)
6(5413 5414 11284 11644 5385 5411)
6(5415 5908 11308 11668 5386 5413)
6(5416 5417 10973 11333 4757 5388)
6(5418 5419 10997 11357 5390 5416)
6(5420 5421 11021 11381 5392 5418)
6(5422 5423 11045 11405 5394 5420)
6(5424 5425 11069 11429 5396 5422)
6(5426 5427 11093 11453 5398 5424)
6(5428 5429 11117 11477 5400 5426)
6(5430 5431 11141 11501 5402 5428)
6(5432 5433 11165 11525 5404 5430)
6(5434 5435 11189 11549 5406 5432)
6(5436 5437 11213 11573 5408 5434)
6(5438 5439 11237 11597 5410 5436)
6(5440 5441 11261 11621 5412 5438)
6(5442 5443 11285 11645 5414 5440)
6(5444 5909 11309 11669 5415 5442)
6(5445 5446 10974 11334 4787 5417)
6(5447 5448 10998 11358 5419 5445)
6(5449 5450 11022 11382 5421 5447)
6(5451 5452 11046 11406 5423 5449)
6(5453 5454 11070 11430 5425 5451)
6(5455 5456 11094 11454 5427 5453)
6(5457 5458 11118 11478 5429 5455)
6(5459 5460 11142 11502 5431 5457)
6(5461 5462 11166 11526 5433 5459)
6(5463 5464 11190 11550 5435 5461)
6(5465 5466 11214 11574 5437 5463)
6(5467 5468 11238 11598 5439 5465)
6(5469 5470 11262 11622 5441 5467)
6(5471 5472 11286 11646 5443 5469)
6(5473 5910 11310 11670 5444 5471)
6(5474 5475 10975 11335 4817 5446)
6(5476 5477 10999 11359 5448 5474)
6(5478 5479 11023 11383 5450 5476)
6(5480 5481 11047 11407 5452 5478)
6(5482 5483 11071 11431 5454 5480)
6(5484 5485 11095 11455 5456 5482)
6(5486 5487 11119 11479 5458 5484)
6(5488 5489 11143 11503 5460 5486)
6(5490 5491 11167 11527 5462 5488)
6(5492 5493 11191 11551 5464 5490)
6(5494 5495 11215 11575 5466 5492)
6(5496 5497 11239 11599 5468 5494)
6(5498 5499 11263 11623 5470 5496)
6(5500 5501 11287 11647 5472 5498)
6(5502 5911 11311 11671 5473 5500)
6(5503 5504 10976 11336 4847 5475)
6(5505 5506 11000 11360 5477 5503)
6(5507 5508 11024 11384 5479 5505)
6(5509 5510 11048 11408 5481 5507)
6(5511 5512 11072 11432 5483 5509)
6(5513 5514 11096 11456 5485 5511)
6(5515 5516 11120 11480 5487 5513)
6(5517 5518 11144 11504 5489 5515)
6(5519 5520 11168 11528 5491 5517)
6(5521 5522 11192 11552 5493 5519)
6(5523 5524 11216 11576 5495 5521)
6(5525 5526 11240 11600 5497 5523)
6(5527 5528 11264 11624 5499 5525)
6(5529 5530 11288 11648 5501 5527)
6(5531 5912 11312 11672 5502 5529)
6(5532 5533 10977 11337 4877 5504)
6(5534 5535 11001 11361 5506 5532)
6(5536 5537 11025 11385 5508 5534)
6(5538 5539 11049 11409 5510 5536)
6(5540 5541 11073 11433 5512 5538)
6(5542 5543 11097 11457 5514 5540)
6(5544 5545 11121 11481 5516 5542)
6(5546 5547 11145 11505 5518 5544)
6(5548 5549 11169 11529 5520 5546)
6(5550 5551 11193 11553 5522 5548)
6(5552 5553 11217 11577 5524 5550)
6(5554 5555 11241 11601 5526 5552)
6(5556 5557 11265 11625 5528 5554)
6(5558 5559 11289 11649 5530 5556)
6(5560 5913 11313 11673 5531 5558)
6(5561 5562 10978 11338 4907 5533)
6(5563 5564 11002 11362 5535 5561)
6(5565 5566 11026 11386 5537 5563)
6(5567 5568 11050 11410 5539 5565)
6(5569 5570 11074 11434 5541 5567)
6(5571 5572 11098 11458 5543 5569)
6(5573 5574 11122 11482 5545 5571)
6(5575 5576 11146 11506 5547 5573)
6(5577 5578 11170 11530 5549 5575)
6(5579 5580 11194 11554 5551 5577)
6(5581 5582 11218 11578 5553 5579)
6(5583 5584 11242 11602 5555 5581)
6(5585 5586 11266 11626 5557 5583)
6(5587 5588 11290 11650 5559 5585)
6(5589 5914 11314 11674 5560 5587)
6(5590 10979 11339 707 4922 5562)
6(5591 11003 11363 710 5564 5590)
6(5592 11027 11387 713 5566 5591)
6(5593 11051 11411 716 5568 5592)
6(5594 11075 11435 719 5570 5593)
6(5595 11099 11459 722 5572 5594)
6(5596 11123 11483 725 5574 5595)
6(5597 11147 11507 728 5576 5596)
6(5598 11171 11531 731 5578 5597)
6(5599 11195 11555 734 5580 5598)
6(5600 11219 11579 737 5582 5599)
6(5601 11243 11603 740 5584 5600)
6(5602 11267 11627 743 5586 5601)
6(5603 11291 11651 746 5588 5602)
6(5915 11315 11675 748 5589 5603)
)